113 -94 -3
142 -72 21
159 0 57
159 -1 55
161 -2 53
163 -4 51
165 -5 50
166 -7 49
168 -8 47
170 -10 45
172 -11 44
174 -13 42
176 -14 41
178 -16 39
180 -18 38
182 -19 36
184 -21 35
186 -23 33
188 -24 32
190 -26 30
192 -27 29
194 -29 27
196 -30 25
199 -32 24
201 -33 22
203 -35 21
205 -37 19
208 -38 18
210 -40 16
211 -40 15
210 -40 12
210 -41 9
210 -41 7
209 -41 5
205 -40 2
200 -40 0
196 -40 -1
192 -40 -3
190 -40 -1
187 -40 -1
184 -40 -1
180 -40 -1
177 -40 -1
175 -40 -1
172 -40 0
169 -40 0
166 -40 0
163 -40 0
160 -40 0
157 -40 0
154 -40 0
152 -40 1
149 -40 1
146 -40 2
143 -40 2
140 -40 1
137 -40 2
134 -40 2
131 -40 2
128 -40 2
125 -40 2
123 -40 3
121 -41 3
119 -41 3
117 -41 4
114 -42 3
115 -42 5
116 -43 6
117 -43 6
116 -43 6
117 -43 6
117 -43 6
118 -40 6
119 -38 6
120 -35 6
122 -32 7
123 -29 7
123 -26 7
124 -23 7
125 -20 7
125 -17 7
126 -13 7
127 -10 8
127 -7 8
127 -3 7
127 0 8
127 2 8
127 6 8
127 9 8
126 13 8
126 16 8
126 18 8
126 19 8
125 20 8
125 21 8
126 21 8
125 21 7
124 21 7
123 20 7
123 20 6
124 20 7
126 21 7
130 21 8
135 22 9
138 22 9
140 22 9
143 22 9
146 22 8
149 22 9
152 22 8
155 22 8
158 22 8
160 22 8
163 22 8
166 22 7
169 22 7
172 22 7
175 22 7
178 22 7
181 22 7
184 22 7
187 22 7
190 22 7
192 22 7
196 22 6
198 22 6
201 22 6
204 22 6
207 22 5
210 22 5
211 22 6
211 22 5
212 22 5
213 22 6
213 21 5
213 19 5
213 16 5
214 13 5
214 10 6
214 7 6
214 4 5
214 1 5
214 -1 5
214 -4 6
214 -7 5
214 -10 5
214 -13 5
213 -16 6
214 -19 6
214 -21 6
214 -25 6
214 -28 6
214 -31 6
214 -33 6
214 -36 5
214 -38 5
214 -39 6
214 -40 6
214 -40 6
214 -41 6
213 -41 5
211 -41 5
210 -41 5
209 -41 4
208 -40 4
207 -39 3
206 -36 3
206 -33 4
207 -31 5
206 -28 4
205 -25 4
205 -22 3
205 -19 3
205 -16 4
206 -13 7
206 -10 7
206 -7 6
206 -5 6
206 -2 6
206 0 6
205 3 6
205 6 6
205 9 6
205 12 6
205 13 6
206 13 7
208 13 7
208 13 6
205 13 5
201 13 2
197 13 0
193 13 0
189 13 0
186 13 -1
183 13 -1
180 13 -1
177 13 0
175 14 0
171 13 0
169 14 0
165 14 0
163 14 0
160 14 0
157 14 1
154 14 1
152 14 2
148 14 1
145 14 1
143 14 2
140 14 2
137 14 3
134 14 2
132 14 3
129 14 3
126 14 3
124 14 3
123 14 4
121 15 4
121 15 4
124 16 7
124 15 7
124 12 7
125 9 7
125 6 7
125 3 7
126 0 7
125 -3 7
125 -6 7
125 -9 7
125 -12 7
124 -15 7
124 -18 7
124 -21 7
123 -24 7
122 -27 7
121 -30 7
120 -33 7
120 -36 7
119 -38 7
118 -38 6
119 -38 6
122 -39 7
126 -39 8
130 -39 9
133 -40 9
136 -40 9
139 -40 9
142 -40 9
145 -40 9
148 -40 8
151 -40 8
154 -40 8
156 -40 8
159 -40 8
162 -40 7
164 -40 7
168 -40 8
171 -40 7
174 -41 7
177 -40 7
179 -40 7
182 -41 7
185 -41 7
188 -41 6
191 -41 6
194 -41 6
197 -41 6
200 -41 6
203 -41 6
206 -41 5
208 -41 5
208 -39 5
209 -36 5
209 -33 5
209 -30 5
209 -27 5
209 -24 4
209 -21 4
208 -18 4
208 -15 4
208 -12 4
209 -9 4
208 -7 3
209 -3 4
209 -1 4
209 1 3
209 4 4
209 8 4
208 10 4
208 12 4
208 13 4
207 13 3
206 13 4
206 13 6
204 13 8
201 13 9
199 13 11
197 13 14
194 12 15
192 12 18
191 12 20
188 11 22
186 11 24
184 10 25
182 9 27
181 9 31
179 8 32
176 7 33
174 7 36
172 6 38
170 6 39
168 5 42
166 4 44
164 4 46
161 2 47
159 2 49
157 1 52
