115 0 54
115 0 54
115 0 53
116 0 52
117 0 52
118 -1 51
118 -1 51
119 -1 50
120 -2 50
121 -2 49
122 -2 49
122 -3 48
123 -3 48
124 -3 47
125 -4 47
125 -4 46
126 -4 46
127 -5 45
128 -5 45
129 -5 44
129 -6 44
130 -6 43
131 -6 43
132 -7 42
133 -7 42
133 -7 41
134 -8 40
135 -8 40
136 -8 39
136 -8 39
137 -9 38
138 -9 38
139 -9 37
140 -10 37
140 -10 36
141 -10 36
142 -11 35
143 -11 35
144 -11 34
144 -12 34
145 -12 33
146 -12 33
147 -13 32
147 -13 32
148 -13 31
149 -14 31
150 -14 30
151 -14 30
151 -15 29
152 -15 28
153 -15 28
154 -16 27
155 -16 27
155 -16 26
156 -16 26
157 -17 25
158 -17 25
158 -17 24
159 -18 24
160 -18 23
161 -18 23
162 -19 22
162 -19 22
163 -19 21
164 -20 21
165 -20 20
166 -20 20
166 -21 19
167 -21 19
168 -21 18
169 -22 18
169 -22 17
170 -22 16
171 -23 16
172 -23 15
173 -23 15
173 -24 14
174 -24 14
175 -24 13
176 -25 13
176 -25 12
177 -25 12
178 -25 11
179 -26 11
180 -26 10
180 -26 10
181 -27 9
182 -27 9
183 -27 8
184 -28 8
184 -28 7
185 -28 7
186 -29 6
187 -29 6
187 -29 5
187 -29 5
188 -29 4
188 -29 3
188 -29 2
188 -29 1
188 -29 0
188 -29 0
188 -29 -1
188 -29 -2
188 -30 -3
188 -30 -4
188 -30 -5
188 -30 -6
188 -30 -7
188 -30 -8
188 -30 -9
188 -30 -9
187 -30 -9
186 -30 -9
185 -30 -9
184 -30 -9
183 -30 -9
182 -30 -9
181 -30 -9
180 -30 -9
179 -30 -9
178 -30 -9
177 -30 -9
176 -30 -9
175 -30 -9
174 -30 -9
173 -30 -9
172 -30 -9
171 -30 -9
170 -30 -9
169 -30 -9
168 -30 -9
168 -30 -9
167 -30 -9
166 -30 -9
165 -30 -9
164 -30 -9
163 -30 -9
162 -30 -9
161 -30 -9
160 -30 -9
159 -30 -9
158 -30 -9
157 -30 -9
156 -30 -9
155 -30 -9
154 -30 -9
153 -30 -9
152 -30 -9
151 -30 -9
150 -30 -9
149 -30 -9
148 -30 -9
147 -30 -9
146 -30 -9
145 -30 -9
144 -30 -9
143 -30 -9
142 -30 -9
141 -30 -9
140 -30 -9
139 -30 -9
138 -30 -9
137 -30 -9
136 -30 -9
135 -30 -9
134 -30 -9
133 -30 -9
132 -30 -9
132 -30 -9
132 -30 -9
132 -30 -9
131 -30 -9
131 -30 -9
131 -29 -9
131 -29 -9
130 -29 -9
130 -29 -9
130 -28 -9
130 -27 -9
130 -26 -9
130 -25 -9
130 -24 -9
130 -23 -9
130 -22 -9
130 -21 -9
130 -20 -9
130 -19 -9
130 -18 -9
130 -17 -9
130 -16 -9
130 -15 -9
130 -14 -9
130 -13 -9
130 -12 -9
130 -11 -9
130 -10 -9
130 -9 -9
130 -8 -9
130 -7 -9
130 -6 -9
130 -5 -9
130 -4 -9
130 -3 -9
130 -2 -9
130 -1 -9
130 0 -9
130 0 -9
130 0 -9
130 1 -9
130 2 -9
130 3 -9
130 4 -9
130 4 -9
130 5 -9
130 5 -9
130 5 -9
130 5 -9
130 6 -9
130 6 -9
130 6 -9
130 6 -9
131 6 -9
132 6 -9
133 6 -9
134 6 -9
135 6 -9
136 6 -9
137 6 -9
138 6 -9
139 6 -9
140 6 -9
141 6 -9
142 6 -9
143 6 -9
144 6 -9
145 6 -9
146 6 -9
147 6 -9
148 6 -9
149 6 -9
150 6 -9
151 6 -9
152 6 -9
153 6 -9
154 6 -9
155 6 -9
156 6 -9
157 6 -9
158 6 -9
159 6 -9
160 6 -9
161 6 -9
162 6 -9
163 6 -9
164 7 -9
165 7 -9
166 7 -9
167 7 -9
168 7 -9
169 7 -9
170 7 -9
171 7 -9
172 7 -9
173 7 -9
174 7 -9
175 7 -9
176 7 -9
177 7 -9
178 7 -9
179 7 -9
180 7 -9
181 7 -9
182 7 -9
183 7 -9
184 7 -9
185 7 -9
186 7 -9
187 7 -9
187 7 -9
188 7 -9
188 7 -9
188 7 -9
188 7 -9
189 6 -9
189 6 -9
189 6 -9
189 6 -9
189 5 -9
189 4 -9
189 3 -9
189 2 -9
189 1 -9
189 0 -9
189 0 -9
189 -1 -9
189 -2 -9
189 -3 -9
189 -4 -9
189 -5 -9
189 -6 -9
189 -7 -9
189 -8 -9
189 -9 -9
189 -10 -9
189 -11 -9
189 -12 -9
189 -13 -9
189 -14 -9
189 -15 -9
189 -16 -9
189 -17 -9
189 -18 -9
189 -19 -9
189 -20 -9
189 -21 -9
189 -22 -9
189 -22 -9
189 -23 -9
189 -24 -9
189 -25 -9
189 -26 -9
189 -27 -9
189 -27 -9
189 -28 -9
189 -28 -9
189 -28 -9
189 -28 -9
189 -29 -9
189 -29 -9
189 -29 -9
189 -29 -9
189 -29 -9
189 -29 -8
189 -29 -7
189 -29 -6
189 -29 -5
189 -29 -4
189 -29 -3
189 -29 -2
189 -29 -1
188 -30 0
188 -30 0
188 -30 1
188 -30 2
188 -30 3
188 -30 4
188 -30 4
188 -29 4
188 -28 4
188 -27 4
188 -26 4
188 -25 4
188 -24 4
188 -23 4
188 -22 4
188 -21 4
188 -20 4
188 -19 4
188 -18 4
188 -17 4
188 -16 4
188 -15 4
188 -14 4
188 -13 4
188 -12 4
188 -11 4
188 -10 4
188 -9 4
187 -8 4
187 -7 4
187 -6 4
187 -5 4
187 -4 4
187 -3 4
187 -2 4
187 -1 4
187 0 4
187 0 4
187 1 4
187 2 4
187 3 4
187 3 4
187 3 4
187 3 3
187 3 2
187 3 1
187 3 0
187 4 0
187 4 -1
187 4 -2
187 4 -3
187 4 -4
187 4 -5
187 4 -6
187 4 -7
187 4 -8
187 4 -9
187 4 -9
186 4 -9
185 4 -9
184 4 -9
183 4 -9
182 4 -9
181 4 -9
180 4 -9
179 4 -9
178 4 -9
177 4 -9
176 4 -9
175 4 -9
174 4 -9
173 4 -9
172 4 -9
171 4 -9
170 4 -9
169 4 -9
168 4 -9
167 4 -9
166 4 -9
165 4 -9
164 4 -9
163 4 -9
162 4 -9
161 4 -9
160 4 -9
159 4 -9
158 4 -9
157 4 -9
156 4 -9
155 4 -9
154 4 -9
153 4 -9
152 4 -9
151 4 -9
150 4 -9
149 4 -9
148 4 -9
147 4 -9
146 4 -9
145 4 -9
144 4 -9
143 4 -9
142 4 -9
141 4 -9
140 4 -9
139 4 -9
138 4 -9
137 4 -9
136 4 -9
135 4 -9
134 4 -9
133 4 -9
133 4 -9
133 3 -9
133 2 -9
133 1 -9
133 0 -9
133 0 -9
133 -1 -9
133 -2 -9
133 -3 -9
133 -4 -9
133 -5 -9
133 -6 -9
133 -7 -9
133 -8 -9
133 -9 -9
133 -10 -9
133 -11 -9
133 -11 -9
133 -12 -9
133 -13 -9
133 -14 -9
133 -15 -9
133 -16 -9
133 -17 -9
133 -18 -9
133 -19 -9
132 -20 -9
132 -21 -9
132 -22 -9
132 -23 -9
132 -24 -9
132 -25 -9
132 -26 -9
132 -26 -9
133 -26 -9
134 -26 -9
135 -26 -9
136 -26 -9
137 -26 -9
138 -26 -9
139 -26 -9
140 -26 -9
141 -26 -9
142 -26 -9
143 -26 -9
144 -26 -9
145 -26 -9
146 -26 -9
147 -26 -9
148 -26 -9
149 -26 -9
150 -27 -9
151 -27 -9
152 -27 -9
153 -27 -9
154 -27 -9
155 -27 -9
156 -27 -9
157 -27 -9
158 -27 -9
159 -27 -9
160 -27 -9
161 -27 -9
162 -27 -9
163 -27 -9
164 -27 -9
165 -27 -9
166 -27 -9
167 -27 -9
168 -27 -9
169 -27 -9
170 -27 -9
171 -27 -9
172 -27 -9
173 -27 -9
174 -27 -9
175 -27 -9
176 -27 -9
177 -27 -9
178 -27 -9
179 -27 -9
180 -27 -9
181 -27 -9
182 -27 -9
183 -27 -9
184 -27 -9
185 -27 -9
186 -27 -9
186 -27 -9
186 -26 -9
186 -25 -9
186 -24 -9
186 -23 -9
186 -22 -9
186 -21 -9
186 -20 -9
186 -19 -9
186 -18 -9
186 -17 -9
186 -16 -9
186 -15 -9
186 -14 -9
186 -13 -9
186 -12 -9
186 -11 -9
187 -10 -9
187 -10 -9
187 -9 -9
187 -8 -9
187 -7 -9
187 -6 -9
187 -5 -9
187 -4 -9
187 -3 -9
187 -2 -9
187 -1 -9
187 0 -9
187 0 -9
187 1 -9
187 2 -9
187 3 -9
187 3 -9
187 3 -9
187 3 -8
187 3 -7
187 3 -6
187 4 -5
187 4 -4
187 4 -3
187 4 -2
187 4 -1
187 4 0
187 4 0
187 4 1
187 4 2
187 4 3
187 4 4
187 4 4
186 4 4
185 4 5
185 4 5
184 4 6
183 4 6
182 4 7
181 4 7
180 4 8
180 4 9
179 4 9
178 4 10
177 3 10
176 3 11
176 3 11
175 3 12
174 3 13
173 3 13
172 3 14
172 3 14
171 3 15
170 3 15
169 3 16
168 3 16
167 3 17
167 3 18
166 3 18
165 3 19
164 3 19
163 3 20
163 3 20
162 3 21
161 2 22
160 2 22
159 2 23
158 2 23
158 2 24
157 2 24
156 2 25
155 2 25
154 2 26
154 2 27
153 2 27
152 2 28
151 2 28
150 2 29
150 2 29
149 2 30
148 2 30
147 2 31
146 2 32
145 1 32
145 1 33
144 1 33
143 1 34
142 1 34
141 1 35
141 1 36
140 1 36
139 1 37
138 1 37
137 1 38
136 1 38
136 1 39
135 1 39
134 1 40
133 1 41
132 1 41
132 1 42
131 1 42
130 0 43
129 0 43
128 0 44
128 0 45
127 0 45
126 0 46
125 0 46
124 0 47
123 0 47
123 0 48
122 0 48
121 0 49
120 0 50
119 0 50
119 0 51
118 0 51
117 0 52
116 0 52
115 0 53
115 0 54
