121 0 56
121 0 56
122 0 57
123 0 58
123 0 58
123 0 57
123 0 57
123 -1 56
123 -1 55
123 -1 54
122 -2 52
122 -2 50
122 -2 49
122 -2 48
122 -3 47
121 -3 46
120 -3 44
120 -4 44
121 -4 43
121 -4 42
121 -5 41
121 -5 40
122 -5 40
124 -6 40
125 -6 40
127 -6 40
129 -7 40
130 -7 39
131 -8 39
133 -8 38
134 -8 38
135 -9 38
136 -9 37
137 -9 37
138 -9 36
139 -10 36
140 -10 35
140 -11 35
142 -11 34
143 -11 34
143 -11 34
144 -12 33
145 -12 32
146 -13 32
146 -13 31
147 -13 31
148 -14 31
149 -14 30
150 -14 30
151 -14 29
151 -15 28
152 -15 28
153 -15 27
153 -16 27
155 -16 26
155 -17 26
156 -17 25
157 -17 25
158 -18 24
159 -18 24
159 -18 23
160 -18 23
160 -19 22
161 -19 21
162 -19 21
163 -19 20
164 -20 20
165 -20 20
165 -21 19
166 -21 19
167 -21 18
168 -22 17
169 -22 17
169 -22 16
170 -22 16
171 -23 15
172 -23 15
173 -24 14
174 -24 14
175 -24 13
175 -24 12
176 -25 12
177 -25 12
178 -26 12
179 -26 11
179 -26 10
180 -26 10
181 -27 9
182 -27 9
182 -27 8
183 -28 8
184 -28 7
185 -28 7
186 -29 6
186 -29 5
187 -29 5
188 -30 4
188 -30 4
188 -30 4
188 -30 3
187 -30 2
187 -29 0
187 -30 0
186 -29 -1
187 -29 -2
187 -30 -3
187 -30 -4
187 -29 -5
187 -30 -6
187 -30 -7
187 -30 -8
187 -30 -8
188 -30 -9
189 -30 -9
189 -30 -9
189 -30 -9
188 -30 -9
186 -30 -9
184 -30 -9
183 -30 -9
182 -30 -9
181 -30 -9
180 -30 -9
178 -30 -9
177 -30 -9
176 -30 -9
175 -30 -9
174 -30 -9
173 -30 -9
172 -30 -9
171 -30 -9
170 -30 -9
169 -30 -9
168 -30 -9
167 -30 -9
166 -30 -9
165 -30 -9
164 -30 -9
163 -30 -9
162 -30 -9
161 -30 -9
161 -30 -9
160 -30 -9
159 -30 -9
158 -30 -9
157 -30 -9
156 -30 -9
155 -30 -9
154 -30 -9
153 -30 -9
152 -30 -9
151 -30 -9
150 -30 -9
150 -30 -9
149 -30 -9
147 -30 -9
146 -30 -9
145 -30 -9
144 -30 -9
144 -30 -9
143 -30 -9
142 -30 -9
141 -30 -9
140 -30 -9
139 -30 -9
137 -30 -9
136 -30 -9
135 -30 -9
135 -30 -9
134 -30 -9
133 -30 -9
133 -30 -9
132 -30 -9
133 -30 -9
132 -30 -9
132 -30 -9
131 -30 -9
131 -30 -9
131 -30 -9
130 -29 -9
130 -29 -9
130 -29 -9
130 -28 -10
129 -27 -10
128 -25 -10
128 -24 -10
128 -23 -10
128 -22 -10
128 -21 -10
128 -20 -10
128 -19 -10
128 -18 -10
128 -17 -10
128 -16 -10
128 -15 -10
128 -13 -10
128 -12 -10
129 -11 -10
129 -10 -10
129 -9 -10
129 -8 -10
129 -7 -10
129 -6 -10
129 -5 -10
129 -4 -10
129 -3 -10
129 -2 -10
129 -1 -10
129 0 -10
129 0 -10
129 1 -10
129 1 -10
129 3 -10
130 4 -10
129 4 -10
129 5 -10
129 5 -10
129 5 -10
129 5 -10
129 5 -10
129 6 -10
129 6 -10
129 6 -10
129 6 -10
129 6 -10
129 6 -10
129 6 -10
130 7 -10
132 7 -10
134 7 -10
135 7 -10
137 7 -9
138 7 -9
140 7 -9
141 7 -9
143 7 -9
144 7 -9
145 7 -9
146 7 -9
147 7 -9
148 7 -9
149 7 -9
150 7 -9
151 7 -9
152 7 -9
153 7 -9
154 7 -9
155 7 -9
155 7 -10
156 7 -10
158 7 -9
158 7 -10
159 7 -10
160 7 -10
161 7 -10
162 7 -10
163 7 -10
164 7 -10
165 7 -10
166 7 -10
167 7 -10
168 7 -10
169 7 -10
170 7 -10
171 7 -10
172 7 -10
173 7 -10
174 7 -10
175 7 -10
176 7 -10
177 7 -10
178 7 -10
179 6 -10
180 6 -10
181 6 -10
182 7 -10
183 7 -10
184 7 -10
185 7 -10
186 6 -10
187 6 -10
188 6 -10
188 6 -10
188 6 -10
188 6 -10
188 6 -10
188 6 -10
189 6 -10
189 6 -10
189 6 -10
189 6 -10
189 4 -10
189 3 -10
189 2 -10
189 1 -10
189 0 -10
189 0 -10
189 -1 -10
189 -2 -10
189 -3 -10
189 -4 -10
189 -5 -10
189 -6 -10
189 -7 -10
189 -8 -10
189 -9 -10
189 -10 -10
189 -11 -10
188 -12 -10
189 -13 -10
189 -14 -10
189 -15 -10
188 -16 -10
189 -17 -10
188 -18 -10
188 -19 -10
189 -20 -10
189 -21 -10
189 -22 -10
189 -23 -9
189 -24 -10
189 -25 -10
189 -26 -10
189 -27 -10
189 -28 -10
189 -29 -10
189 -29 -10
189 -29 -10
189 -29 -10
189 -29 -10
189 -29 -10
189 -29 -10
189 -29 -10
189 -30 -10
189 -30 -9
189 -30 -9
188 -30 -8
189 -30 -7
189 -30 -6
188 -30 -5
188 -30 -4
188 -30 -2
188 -30 -2
188 -30 -1
188 -30 0
188 -30 1
188 -30 2
187 -29 2
187 -30 3
187 -30 3
188 -30 4
188 -29 4
187 -28 3
187 -28 4
187 -26 4
187 -25 3
187 -23 3
187 -23 3
187 -21 3
187 -20 3
187 -19 3
187 -18 3
187 -17 3
187 -16 3
187 -15 3
187 -14 4
187 -13 4
187 -12 3
187 -11 4
187 -10 4
187 -9 4
187 -8 4
187 -7 4
187 -6 4
187 -5 4
187 -4 4
187 -3 4
187 -2 4
187 -1 4
187 0 4
187 0 4
187 1 4
187 2 4
186 3 4
187 4 4
187 4 4
187 4 4
187 4 3
187 4 2
186 4 0
185 4 0
186 4 -1
186 4 -2
186 4 -3
186 4 -4
187 4 -5
187 4 -6
187 4 -7
186 4 -8
187 4 -9
187 4 -9
187 4 -9
187 4 -9
186 4 -9
185 4 -9
183 4 -9
182 4 -9
181 4 -9
180 4 -9
178 4 -9
177 4 -9
176 4 -9
175 4 -9
174 4 -9
173 4 -9
172 4 -9
171 4 -9
170 4 -9
169 4 -9
167 4 -9
166 4 -9
166 4 -9
165 4 -9
164 4 -9
163 4 -9
162 4 -9
161 4 -9
160 4 -9
159 4 -9
158 4 -9
158 4 -9
156 4 -9
155 4 -9
155 4 -9
154 4 -9
153 4 -9
152 4 -9
151 4 -9
149 4 -9
148 4 -9
147 4 -9
147 4 -9
146 4 -9
145 4 -9
144 4 -9
142 4 -9
141 4 -9
141 4 -9
140 4 -9
139 4 -9
138 4 -9
137 4 -9
136 4 -9
135 4 -9
134 4 -9
133 4 -9
133 4 -9
133 4 -9
133 3 -9
133 2 -9
133 1 -9
132 0 -9
132 -1 -9
132 -2 -9
132 -3 -10
132 -4 -10
132 -5 -9
132 -6 -10
132 -7 -10
131 -8 -10
131 -9 -10
131 -10 -10
131 -11 -10
131 -12 -10
131 -13 -10
131 -14 -10
131 -15 -10
131 -17 -10
131 -18 -10
131 -18 -9
131 -19 -9
131 -20 -9
131 -21 -9
131 -22 -9
132 -24 -9
132 -24 -9
132 -25 -9
132 -26 -9
132 -27 -9
132 -27 -9
132 -27 -9
133 -27 -9
134 -27 -9
136 -28 -9
137 -28 -9
139 -28 -9
140 -28 -9
141 -28 -9
142 -28 -9
143 -28 -9
144 -28 -9
145 -28 -9
146 -27 -10
147 -27 -9
149 -27 -9
149 -27 -10
150 -27 -10
151 -27 -10
152 -27 -10
153 -27 -10
154 -27 -10
155 -27 -10
156 -27 -10
157 -27 -10
158 -27 -10
159 -27 -10
160 -27 -10
161 -27 -10
162 -27 -10
163 -27 -10
164 -27 -10
166 -27 -10
167 -27 -10
167 -27 -10
168 -27 -10
169 -27 -10
170 -27 -10
171 -27 -10
172 -27 -10
173 -27 -10
173 -27 -10
174 -27 -10
176 -27 -10
176 -27 -10
178 -27 -10
178 -27 -10
179 -27 -10
181 -27 -10
182 -27 -10
183 -27 -10
184 -27 -10
185 -27 -10
185 -27 -10
186 -27 -10
186 -27 -10
187 -26 -10
187 -25 -10
187 -23 -10
186 -22 -10
187 -21 -10
186 -20 -10
186 -19 -11
186 -18 -10
186 -17 -10
186 -16 -10
186 -15 -10
186 -14 -10
186 -13 -10
186 -12 -10
186 -11 -10
186 -10 -10
186 -9 -10
186 -8 -10
186 -7 -10
186 -6 -10
186 -6 -10
186 -4 -10
186 -3 -10
186 -2 -10
186 -1 -10
186 0 -10
186 0 -10
186 1 -10
186 2 -10
186 3 -10
186 4 -10
186 4 -10
186 4 -9
186 4 -9
186 4 -8
187 4 -7
187 4 -5
187 4 -4
187 4 -3
187 4 -2
187 4 -1
186 4 -1
187 4 0
187 4 1
187 4 2
187 4 2
187 4 4
187 4 4
187 4 4
186 4 5
185 4 5
184 4 6
183 4 7
181 4 7
181 4 8
180 4 8
179 4 9
178 4 9
177 4 10
176 4 10
175 4 11
175 4 11
174 4 12
173 4 13
172 3 13
171 3 13
171 3 14
170 3 15
169 3 15
168 3 16
168 3 17
167 3 17
166 3 18
165 3 18
164 3 19
164 3 19
163 3 20
162 3 21
161 3 21
161 3 22
159 3 22
159 2 23
158 2 23
157 2 24
157 2 25
156 2 25
155 2 26
154 2 27
153 2 27
153 2 27
152 2 28
151 2 29
150 2 29
149 2 30
148 2 30
147 2 31
147 2 31
146 2 32
145 1 32
145 1 33
144 1 33
143 1 34
142 1 35
141 1 35
140 1 36
140 1 36
139 1 37
138 1 37
137 1 38
136 1 38
135 1 39
134 1 40
134 1 40
133 1 41
132 1 41
131 1 42
131 1 43
129 0 43
129 0 44
128 0 44
127 0 45
126 0 45
126 0 46
124 0 46
124 0 47
124 0 48
124 0 49
124 0 50
123 0 51
124 0 52
124 0 53
123 0 54
123 0 54
123 0 55
123 0 56
123 0 57
