114 0 55
114 0 55
129 0 56
153 0 60
163 0 58
164 0 57
164 0 58
165 0 61
165 0 61
165 -1 60
165 -1 59
165 -1 59
165 -2 59
165 -2 59
164 -2 58
164 -3 57
165 -3 57
164 -3 57
164 -3 56
165 -4 56
165 -4 55
166 -4 56
167 -4 56
167 -5 55
167 -5 55
167 -5 54
168 -6 54
168 -6 55
169 -6 54
169 -6 54
169 -6 53
169 -7 53
170 -7 53
171 -7 54
172 -8 53
172 -8 53
172 -8 53
172 -9 52
172 -9 52
173 -9 52
173 -10 52
174 -10 52
174 -10 52
175 -10 51
175 -10 51
175 -11 50
175 -11 50
176 -11 50
176 -12 50
177 -12 50
177 -12 50
178 -12 50
178 -12 50
178 -13 49
178 -13 48
178 -13 48
179 -14 49
180 -14 49
181 -14 48
181 -14 48
181 -15 47
181 -15 47
182 -15 48
182 -15 48
183 -16 47
183 -16 46
183 -16 46
183 -16 46
183 -16 46
184 -17 46
185 -17 46
185 -17 45
185 -18 45
185 -18 45
186 -18 45
187 -19 45
187 -19 45
188 -19 45
187 -19 44
188 -20 44
188 -20 44
189 -20 43
190 -20 44
190 -21 43
190 -21 42
190 -21 42
190 -21 42
191 -22 42
191 -22 42
192 -22 42
192 -22 41
192 -23 41
193 -23 41
193 -23 41
194 -23 41
194 -24 40
194 -24 40
195 -24 40
196 -25 40
196 -25 40
196 -25 40
196 -25 40
197 -26 39
197 -26 39
197 -26 39
198 -26 39
198 -27 38
198 -27 38
199 -27 38
199 -27 38
200 -28 37
200 -28 37
200 -28 37
201 -29 37
201 -29 37
202 -29 37
202 -29 37
202 -29 36
203 -30 36
203 -30 36
204 -30 36
204 -31 35
204 -31 35
204 -31 35
205 -31 34
205 -31 34
205 -32 34
206 -32 34
206 -32 34
206 -33 33
206 -33 33
207 -33 33
208 -33 33
208 -33 33
209 -34 33
209 -34 33
210 -35 32
210 -35 32
210 -35 32
210 -35 31
211 -35 31
211 -36 31
211 -36 31
211 -36 30
212 -36 30
212 -36 30
213 -37 30
213 -37 30
214 -38 30
214 -38 29
214 -38 29
215 -39 29
216 -38 29
215 -39 29
215 -39 29
215 -39 28
215 -38 28
215 -38 27
214 -39 26
215 -38 26
215 -39 26
215 -39 25
215 -39 24
215 -39 24
215 -39 24
215 -39 23
215 -39 22
215 -38 22
215 -39 21
215 -39 21
215 -38 20
215 -38 20
215 -38 19
214 -38 19
215 -39 18
214 -39 18
215 -39 18
214 -38 17
215 -39 16
215 -38 16
214 -38 15
215 -38 15
214 -38 14
214 -38 13
214 -38 13
214 -38 12
214 -38 12
214 -38 12
214 -38 11
214 -38 10
214 -38 9
213 -38 9
214 -38 9
214 -38 9
214 -38 9
215 -38 9
215 -38 9
215 -39 9
214 -38 9
213 -38 9
213 -38 9
212 -38 9
211 -38 9
211 -38 9
210 -38 9
209 -38 9
208 -38 9
208 -38 9
207 -38 9
207 -38 9
206 -38 9
206 -38 10
206 -38 10
205 -38 10
205 -38 10
204 -38 9
203 -38 10
203 -38 9
203 -38 10
202 -38 10
201 -38 10
201 -38 10
200 -38 10
200 -38 10
199 -38 10
199 -38 10
198 -38 9
198 -38 9
197 -39 10
197 -38 10
197 -38 10
196 -38 10
195 -38 10
194 -38 9
194 -38 10
194 -39 10
193 -38 10
193 -38 10
192 -38 10
192 -38 9
191 -39 10
191 -39 10
191 -39 10
190 -39 10
189 -38 10
189 -38 10
188 -38 9
188 -38 10
187 -38 10
187 -39 10
186 -38 10
186 -38 10
185 -38 10
185 -39 10
184 -38 10
184 -38 10
183 -38 9
183 -38 10
182 -38 10
182 -38 10
182 -38 10
181 -38 10
180 -38 10
180 -38 10
179 -38 10
179 -39 10
179 -39 10
178 -38 10
177 -39 10
177 -38 9
176 -38 10
176 -38 10
176 -38 10
175 -38 10
174 -39 10
174 -38 10
173 -38 10
173 -38 10
172 -39 10
172 -39 10
171 -38 9
171 -38 9
171 -38 10
170 -38 10
169 -38 10
169 -38 10
168 -38 9
168 -38 9
167 -38 9
167 -38 9
166 -38 9
166 -38 10
166 -38 10
165 -38 9
164 -38 9
164 -38 10
164 -38 10
163 -38 10
162 -38 9
162 -38 9
161 -38 10
161 -38 9
160 -38 10
160 -38 10
160 -38 10
159 -38 10
159 -39 10
158 -38 10
157 -38 10
157 -38 9
157 -38 9
156 -38 9
156 -38 10
155 -38 10
155 -38 10
154 -38 9
153 -38 9
153 -38 9
153 -38 10
152 -38 10
152 -38 10
151 -38 9
151 -38 9
150 -38 10
150 -38 9
149 -38 9
149 -38 10
148 -38 10
148 -38 10
147 -38 9
146 -38 9
146 -39 9
146 -38 10
145 -38 9
144 -38 9
144 -38 9
144 -38 9
143 -38 9
142 -38 9
142 -39 10
141 -38 9
141 -38 10
140 -38 9
140 -38 9
140 -38 10
139 -38 10
138 -38 9
138 -39 10
138 -38 10
137 -38 9
137 -38 9
136 -38 10
136 -38 9
135 -38 10
135 -38 9
134 -38 10
133 -38 9
133 -38 9
132 -38 9
132 -38 10
132 -38 9
132 -38 10
131 -38 10
131 -38 10
131 -38 9
131 -38 9
131 -38 9
131 -38 9
131 -38 9
131 -38 9
130 -38 9
130 -38 9
130 -38 9
130 -38 9
130 -38 9
130 -38 9
129 -38 9
129 -38 9
130 -38 9
130 -38 9
129 -38 9
129 -38 9
129 -38 10
129 -38 10
129 -37 9
129 -37 9
129 -36 9
130 -35 9
129 -35 9
129 -34 9
129 -34 9
130 -33 9
130 -33 9
129 -32 9
129 -32 9
129 -31 9
129 -30 9
129 -30 9
129 -30 9
130 -29 9
130 -29 9
130 -28 10
130 -27 10
130 -27 9
130 -26 9
129 -26 9
130 -25 9
129 -25 9
130 -25 9
129 -24 9
130 -23 9
129 -23 9
129 -22 9
130 -22 9
129 -21 9
130 -21 9
129 -20 9
130 -20 9
130 -19 9
129 -19 9
130 -18 9
129 -18 9
129 -17 9
129 -17 9
129 -16 9
130 -16 9
130 -15 9
130 -15 10
130 -15 10
129 -14 9
130 -13 10
129 -13 9
130 -12 9
129 -12 9
129 -11 9
129 -11 9
129 -10 9
129 -10 9
130 -9 9
129 -9 9
129 -8 9
129 -8 9
129 -7 9
129 -7 9
129 -6 9
129 -6 9
129 -5 9
130 -5 9
130 -4 9
129 -4 9
129 -3 9
130 -3 9
129 -2 9
130 -2 9
129 -1 9
129 -1 9
129 0 9
129 0 9
129 0 9
129 0 9
129 0 9
129 1 9
129 2 9
129 2 9
129 3 9
129 3 9
129 4 9
129 4 9
129 5 9
129 5 9
129 6 9
129 6 9
129 7 9
129 7 9
129 7 9
129 8 9
129 8 9
129 9 9
129 9 9
129 10 9
129 10 9
129 11 9
129 12 9
130 12 9
130 13 10
130 13 10
130 13 10
130 13 10
130 14 10
130 14 10
130 14 10
130 14 10
130 14 10
130 14 10
130 14 10
130 14 10
130 14 10
130 14 10
130 15 10
130 15 10
130 15 10
131 15 10
131 15 10
131 15 10
131 15 10
132 15 10
132 15 10
132 15 10
132 15 10
132 15 10
132 15 10
133 16 10
134 15 10
134 16 10
135 16 10
135 16 10
136 16 10
136 16 10
136 16 10
137 16 9
137 16 10
138 16 9
138 16 9
139 16 9
139 16 10
140 16 10
140 16 9
140 16 9
141 15 9
141 15 9
142 15 9
143 15 9
143 16 9
143 15 9
144 16 9
144 15 9
145 15 9
145 15 9
146 15 9
146 15 9
147 15 9
148 15 9
148 15 9
148 15 9
149 15 9
150 15 9
150 15 9
150 15 9
151 15 9
151 15 9
152 15 9
152 15 9
153 15 9
154 15 9
154 15 9
155 15 9
155 15 10
155 15 9
156 15 9
157 15 9
157 15 9
158 15 9
158 15 9
158 15 9
159 15 10
160 15 10
160 15 9
161 15 9
161 15 9
161 15 9
161 15 9
162 15 9
163 15 9
163 15 9
164 15 9
164 15 9
165 15 9
165 15 9
166 15 9
166 15 9
167 15 9
168 15 9
168 15 9
168 15 9
169 15 9
169 15 9
170 15 9
170 15 9
171 15 10
172 15 9
172 15 9
173 15 9
173 15 9
173 15 9
174 15 9
174 15 9
175 15 9
175 15 9
175 15 9
176 15 9
176 15 9
177 15 9
178 15 9
178 15 9
178 15 9
179 15 9
180 15 10
180 15 9
181 15 9
181 15 9
182 15 9
182 15 9
183 15 9
184 15 9
184 15 10
184 15 9
185 15 9
185 15 9
186 15 9
186 15 9
187 15 9
187 15 10
188 15 9
189 15 9
189 15 9
189 15 9
190 15 9
190 15 10
191 15 9
191 15 9
192 15 9
192 15 9
192 15 9
193 15 9
194 15 9
194 15 9
195 15 9
195 15 9
196 15 9
196 15 9
196 15 9
197 15 9
198 15 9
198 15 9
199 15 9
199 15 9
199 15 9
200 15 9
201 15 9
201 15 9
202 15 9
202 15 9
203 15 9
203 15 9
204 15 9
204 15 9
205 15 9
205 15 9
206 15 9
206 15 9
207 15 9
207 15 9
208 15 9
208 15 9
209 15 9
210 15 9
210 15 10
211 15 9
211 15 9
211 15 9
212 15 9
212 15 9
213 15 9
213 15 9
214 15 9
214 15 9
214 15 9
215 15 9
215 15 9
215 15 9
215 15 9
216 15 9
215 15 9
216 15 9
216 15 9
215 15 9
215 15 9
215 15 9
216 14 9
216 14 9
216 15 9
217 15 10
216 15 9
216 15 9
216 15 9
216 15 9
216 14 9
217 14 9
217 14 9
217 14 9
217 14 9
217 13 9
217 12 9
217 12 9
217 11 9
217 11 9
217 10 9
217 10 9
218 9 9
217 9 9
217 8 9
218 8 10
217 7 9
217 7 9
217 6 9
217 6 9
217 5 9
217 5 9
217 4 9
217 3 9
216 3 9
217 2 9
217 2 9
217 1 9
217 1 9
217 0 9
217 0 9
216 0 9
217 0 9
216 0 9
216 -1 9
216 -1 9
216 -2 9
217 -2 9
217 -3 9
216 -3 9
217 -4 9
217 -4 9
217 -5 9
216 -5 9
217 -6 9
217 -6 9
217 -7 9
216 -7 9
217 -8 9
216 -8 9
217 -9 9
216 -9 9
217 -10 9
217 -10 9
216 -10 9
216 -11 9
216 -12 9
216 -12 9
216 -13 9
216 -13 9
216 -14 9
216 -14 9
216 -15 9
216 -15 9
216 -16 9
216 -16 9
216 -17 9
216 -17 9
216 -18 9
217 -18 10
217 -19 10
217 -20 10
217 -20 10
217 -20 10
217 -21 10
217 -22 10
217 -22 10
217 -22 10
217 -23 10
217 -24 10
217 -24 10
217 -24 10
217 -25 10
217 -25 10
217 -26 9
217 -26 9
217 -27 9
218 -27 10
217 -28 10
217 -28 10
217 -29 9
217 -29 9
217 -30 9
217 -30 9
216 -31 9
217 -31 9
217 -32 10
217 -32 10
217 -33 10
217 -33 9
217 -34 9
217 -34 9
217 -35 9
217 -35 9
217 -36 9
217 -37 9
217 -37 9
217 -37 9
217 -37 9
217 -37 9
217 -37 9
217 -37 9
217 -37 9
217 -37 9
217 -37 9
217 -37 9
217 -38 9
216 -37 9
217 -38 9
217 -38 9
216 -38 9
217 -38 9
217 -38 9
217 -38 9
217 -38 9
217 -39 9
217 -39 9
216 -39 9
215 -39 9
215 -39 9
215 -39 9
216 -39 10
216 -38 11
216 -39 12
216 -39 12
216 -39 12
216 -39 13
216 -39 13
216 -38 15
216 -39 15
216 -39 15
215 -39 15
215 -38 16
215 -38 16
215 -39 17
216 -39 18
215 -39 18
215 -38 19
215 -39 19
215 -38 19
215 -39 20
215 -38 21
216 -39 22
215 -39 22
215 -39 22
215 -39 22
215 -39 23
215 -38 24
215 -39 24
215 -39 25
215 -39 25
215 -38 26
215 -39 26
215 -39 26
215 -38 27
215 -38 28
215 -39 28
215 -39 29
215 -39 29
215 -38 29
215 -38 29
215 -38 29
215 -38 29
215 -38 29
214 -37 29
215 -36 29
214 -35 29
215 -35 29
214 -34 29
214 -34 28
214 -33 28
214 -33 29
215 -32 29
214 -32 29
214 -31 29
214 -31 29
214 -30 29
214 -30 29
214 -29 29
214 -29 29
214 -28 29
214 -27 29
214 -27 29
214 -27 29
214 -26 29
214 -26 29
214 -25 29
214 -25 29
214 -24 29
215 -24 29
214 -23 29
214 -22 29
214 -22 29
214 -21 29
215 -21 29
214 -20 29
215 -20 29
215 -19 29
214 -19 29
214 -18 29
214 -18 29
214 -17 29
214 -17 29
214 -16 29
214 -16 29
214 -15 29
214 -15 29
214 -15 29
214 -14 29
214 -14 29
214 -13 29
214 -12 29
214 -12 29
214 -12 29
214 -11 29
214 -11 29
214 -10 29
214 -10 29
214 -9 29
214 -8 29
214 -8 29
214 -7 29
214 -7 29
214 -6 29
214 -6 29
214 -5 29
214 -5 29
214 -4 29
214 -4 29
214 -4 29
214 -3 29
214 -3 29
214 -2 29
214 -2 29
214 -1 30
214 -1 29
214 0 29
214 0 29
214 0 29
214 0 29
214 1 29
214 1 29
214 2 29
214 2 29
214 3 29
214 3 29
214 4 29
213 4 29
214 5 29
214 5 29
214 6 29
213 6 29
213 7 29
214 7 29
213 8 29
213 8 29
213 9 29
213 9 29
214 10 29
213 10 29
213 11 29
213 11 29
213 12 29
213 11 29
213 12 29
213 12 29
214 12 29
214 12 28
213 12 27
213 12 26
213 11 26
213 11 26
214 11 25
213 11 24
213 12 24
213 11 23
213 11 22
213 11 22
213 11 22
213 11 21
213 12 20
213 12 19
212 12 19
212 11 18
213 12 18
212 11 17
212 11 17
212 11 16
212 11 16
212 11 15
212 12 15
212 11 14
213 11 14
213 11 14
213 11 13
212 12 12
212 11 12
212 12 11
213 11 12
213 11 11
213 11 10
213 11 10
213 11 9
213 11 9
213 11 9
213 11 9
214 11 10
213 11 9
212 11 9
212 11 10
211 12 10
210 11 9
209 11 10
209 11 9
208 11 9
208 11 10
207 11 9
206 11 9
205 11 9
205 11 9
204 11 9
204 11 10
204 11 10
203 11 9
202 11 10
202 11 10
201 11 9
201 12 9
201 12 9
200 12 10
200 11 10
199 11 10
199 12 10
198 11 9
198 11 10
197 12 9
196 12 9
196 12 10
195 11 9
195 12 10
195 11 10
194 11 10
194 11 10
193 11 10
193 11 10
192 11 10
191 12 10
191 12 10
190 12 10
190 12 10
190 11 10
189 11 10
189 11 10
188 11 10
188 11 10
187 12 10
187 11 10
186 12 10
186 12 10
185 11 10
185 11 10
184 11 10
184 11 10
183 11 10
183 11 10
182 12 10
181 12 9
181 12 10
181 11 10
181 11 10
180 11 10
179 11 10
179 12 9
178 12 10
178 12 10
177 12 10
176 11 9
176 11 10
176 11 10
175 11 10
175 11 10
174 12 10
174 12 10
173 12 9
173 11 9
172 12 10
172 12 10
171 11 10
170 12 10
171 12 10
170 12 10
170 12 10
169 11 10
168 11 10
168 11 9
167 12 10
167 12 10
166 12 9
166 12 10
165 11 9
165 12 10
164 11 10
164 12 10
163 12 9
163 12 10
163 12 10
162 11 9
161 11 9
160 11 9
160 11 9
160 12 10
160 12 10
159 12 9
158 12 9
157 12 9
157 12 9
157 12 10
156 12 10
156 12 10
155 11 10
155 11 10
154 11 9
154 11 10
153 11 9
153 12 9
152 11 9
152 11 9
151 11 10
151 12 9
151 12 10
150 11 9
149 11 9
149 11 9
148 11 9
148 11 9
148 12 10
147 12 10
146 12 9
146 12 9
146 12 9
145 12 9
145 12 10
144 12 10
143 11 9
143 12 10
143 12 9
142 12 10
142 12 10
141 11 9
140 11 9
140 11 9
140 12 10
139 12 9
138 12 9
138 12 9
138 12 9
137 12 9
137 12 10
136 11 9
135 11 9
134 12 9
135 12 9
134 12 9
133 12 9
133 12 9
133 12 9
133 11 9
133 11 9
133 11 9
133 10 9
133 9 9
133 9 9
133 8 9
133 8 9
133 7 9
133 6 9
134 6 9
133 5 9
134 5 9
134 4 9
133 4 9
134 3 9
134 3 9
134 2 9
134 2 9
134 1 9
134 1 9
134 0 9
134 0 9
134 0 9
134 -1 9
134 -1 9
134 -2 9
134 -2 9
133 -3 9
134 -3 9
134 -3 9
134 -4 9
134 -4 9
134 -5 9
134 -5 9
134 -6 9
133 -6 9
133 -7 9
133 -8 9
133 -8 9
133 -9 9
133 -9 9
133 -9 9
133 -10 9
133 -11 9
133 -11 9
133 -11 9
133 -12 9
133 -12 9
133 -13 9
133 -13 9
133 -14 10
133 -15 9
133 -15 9
133 -15 9
133 -16 10
134 -16 10
134 -17 10
134 -17 10
134 -18 10
134 -19 10
133 -19 10
133 -20 10
133 -20 10
134 -20 10
134 -21 10
134 -21 10
134 -22 10
134 -23 10
134 -23 10
133 -24 10
133 -24 10
133 -24 10
134 -25 10
134 -26 10
133 -26 10
134 -27 10
134 -27 10
134 -27 10
133 -28 10
133 -28 9
133 -29 10
133 -30 10
133 -30 9
133 -30 9
133 -31 9
133 -31 9
133 -32 9
133 -32 9
133 -33 9
133 -33 9
133 -34 9
133 -35 9
133 -35 9
133 -35 9
133 -35 9
134 -35 9
135 -35 9
135 -35 9
136 -35 9
136 -35 9
137 -35 9
138 -35 9
138 -35 9
139 -35 9
139 -35 9
139 -34 9
140 -35 9
140 -35 9
141 -35 9
142 -35 9
142 -35 9
143 -35 9
143 -35 9
144 -35 9
144 -35 9
145 -34 9
145 -35 9
146 -34 9
146 -35 9
147 -35 10
147 -35 9
148 -34 9
148 -34 9
149 -34 9
149 -35 9
150 -34 9
150 -34 9
151 -34 9
151 -34 9
152 -34 9
152 -34 9
153 -34 9
153 -34 9
154 -34 10
155 -35 10
155 -34 9
155 -34 9
155 -34 9
156 -34 9
157 -34 9
157 -34 9
157 -34 9
157 -34 9
158 -34 9
159 -34 9
159 -34 9
160 -34 9
161 -34 9
161 -35 9
162 -34 9
162 -34 9
163 -34 9
163 -34 10
164 -34 9
164 -34 9
165 -34 9
165 -35 9
165 -34 9
166 -34 9
167 -34 9
167 -34 9
168 -35 9
168 -34 9
169 -34 9
169 -34 9
169 -34 9
170 -34 9
170 -35 9
171 -34 9
171 -35 9
172 -34 9
172 -34 9
173 -34 9
173 -34 9
174 -34 9
175 -35 9
175 -34 9
175 -34 9
176 -34 9
177 -34 9
177 -34 9
178 -35 9
178 -34 9
178 -34 9
179 -34 9
180 -34 9
180 -35 9
180 -35 9
181 -34 9
182 -35 9
182 -34 9
182 -34 9
183 -35 9
183 -35 9
184 -34 9
185 -35 10
185 -35 9
185 -35 9
186 -35 9
187 -34 9
187 -34 9
187 -34 9
188 -35 9
189 -34 10
189 -34 9
189 -34 9
190 -34 9
190 -35 9
191 -35 9
191 -35 9
192 -35 9
193 -35 9
193 -35 9
194 -35 9
194 -35 9
195 -35 9
195 -35 9
195 -34 9
196 -35 9
196 -35 9
197 -35 9
197 -34 9
198 -35 9
198 -35 9
199 -35 9
199 -35 9
200 -35 9
201 -35 9
201 -35 9
202 -35 9
202 -35 9
202 -35 9
203 -34 9
203 -35 9
204 -35 9
204 -35 9
205 -35 9
205 -35 9
206 -35 9
206 -35 9
207 -34 9
208 -35 10
208 -35 10
209 -35 9
209 -35 9
209 -35 9
210 -35 9
211 -34 9
211 -34 9
211 -35 9
212 -35 9
212 -35 9
212 -35 9
213 -35 9
213 -35 9
213 -34 9
213 -33 9
213 -33 9
214 -32 9
214 -32 9
214 -31 9
214 -31 9
213 -30 9
213 -30 9
213 -29 9
213 -29 9
212 -28 8
212 -28 8
212 -27 8
213 -27 8
213 -26 8
213 -25 9
213 -25 9
212 -25 8
212 -24 8
213 -24 9
212 -23 9
213 -22 9
213 -22 9
213 -21 9
213 -21 9
213 -21 9
213 -20 9
213 -20 9
213 -19 9
212 -18 9
213 -18 9
213 -18 9
213 -17 9
213 -17 9
213 -16 9
213 -16 9
213 -15 9
213 -15 9
213 -14 9
213 -14 9
213 -13 9
213 -13 9
213 -12 9
213 -12 9
213 -11 9
213 -11 9
213 -10 9
213 -10 9
213 -9 9
213 -9 9
213 -8 9
213 -8 9
213 -7 9
213 -7 9
213 -6 9
213 -6 9
213 -5 10
213 -5 9
213 -4 10
213 -4 10
213 -3 10
213 -3 10
213 -2 9
213 -1 10
214 -1 10
213 -1 10
213 0 10
213 0 10
213 0 9
213 0 10
213 0 10
213 1 10
213 2 10
213 2 10
213 3 10
213 3 10
213 4 10
213 4 9
213 5 10
213 5 10
213 6 10
213 6 9
213 7 9
213 7 10
213 8 10
213 8 9
213 9 9
213 9 9
213 10 10
213 10 9
213 11 9
213 11 9
213 12 9
213 12 9
213 12 9
212 12 9
212 12 9
213 12 10
213 12 12
213 12 12
213 12 13
213 12 13
213 12 14
213 12 14
213 12 15
214 11 16
213 12 16
214 12 17
214 12 17
214 12 18
214 12 18
214 11 19
214 12 19
214 12 20
214 12 21
214 11 21
214 12 21
213 12 22
213 11 22
213 12 23
213 12 23
213 12 24
213 11 24
213 11 25
213 12 25
213 12 25
213 12 26
213 12 27
213 12 27
213 12 28
214 11 29
213 12 29
213 11 29
213 12 29
213 11 29
213 12 29
212 11 30
212 11 30
211 11 31
211 11 31
210 11 30
209 11 30
209 11 31
208 11 31
208 11 31
207 11 32
207 11 32
207 11 32
207 10 33
206 11 33
205 10 33
206 10 33
205 10 33
204 10 34
204 10 34
203 10 34
203 9 34
202 9 34
202 9 35
202 9 35
201 9 35
201 9 36
201 9 36
200 9 36
200 8 36
199 8 36
199 8 37
198 8 37
198 8 38
197 8 37
197 8 38
197 8 38
196 8 38
196 8 39
196 8 39
195 8 39
195 7 40
194 7 40
194 7 40
194 7 40
193 7 40
192 7 40
192 7 41
192 7 41
191 7 41
191 7 42
191 7 41
190 7 42
190 6 42
189 6 43
189 6 43
188 6 43
188 6 43
188 6 43
187 6 43
187 6 44
186 5 44
186 6 44
186 5 45
185 5 45
185 5 45
184 5 46
184 5 46
183 5 46
183 5 46
183 5 46
182 5 46
181 5 46
181 4 47
181 4 47
181 4 48
180 4 48
180 4 48
179 4 48
179 4 49
179 4 49
178 4 49
178 3 49
177 3 50
177 3 50
176 3 50
176 3 50
175 3 50
175 3 51
175 3 51
174 3 51
174 2 51
173 2 51
173 2 52
173 2 52
172 2 52
172 2 52
171 2 53
171 2 53
170 2 53
170 2 54
170 2 54
169 1 54
169 1 54
168 1 54
168 1 55
168 1 55
167 1 56
166 1 55
166 1 55
166 1 56
165 1 56
165 1 57
164 1 57
164 0 57
164 0 57
163 0 57
162 0 57
162 0 58
162 0 58
161 0 58
161 0 59
160 0 59
160 0 59
159 0 59
