129 1 67
129 1 67
126 0 62
124 0 59
123 0 57
123 -1 57
124 -2 57
123 -3 56
123 -4 56
123 -5 55
123 -6 54
122 -6 53
122 -7 53
122 -8 52
121 -9 51
121 -10 51
120 -10 50
120 -11 49
120 -12 48
120 -12 48
119 -13 47
119 -14 47
118 -15 46
118 -15 45
118 -16 45
119 -17 44
119 -17 44
119 -18 44
121 -19 44
122 -20 44
124 -21 44
125 -22 44
126 -23 44
127 -24 44
128 -24 44
129 -25 44
130 -26 44
131 -27 44
131 -28 43
132 -29 43
133 -30 43
134 -30 43
134 -31 43
134 -32 43
135 -33 42
136 -34 42
137 -35 42
137 -36 42
138 -36 42
138 -37 41
139 -38 41
140 -39 41
140 -40 40
141 -40 40
141 -41 40
142 -42 40
142 -43 40
143 -44 39
144 -44 39
144 -45 39
145 -46 39
145 -47 38
145 -48 38
146 -48 38
147 -49 38
147 -50 37
147 -51 37
148 -51 36
149 -53 37
149 -53 36
150 -54 36
150 -55 36
151 -56 36
151 -57 35
151 -57 35
152 -58 35
152 -59 34
153 -60 34
154 -61 34
154 -62 33
155 -62 33
155 -63 33
156 -64 33
156 -65 33
156 -66 32
157 -66 32
158 -67 32
159 -68 32
159 -69 32
159 -70 31
160 -70 31
160 -71 30
161 -72 30
161 -73 30
162 -74 30
162 -74 29
163 -75 29
163 -76 29
164 -77 29
165 -77 29
165 -78 28
165 -79 28
166 -80 27
166 -81 27
167 -82 27
168 -82 27
168 -83 26
168 -84 26
169 -85 26
170 -86 26
170 -86 26
171 -87 25
171 -88 25
171 -89 25
172 -90 25
172 -90 24
173 -91 24
174 -92 24
174 -93 23
175 -94 23
176 -94 23
176 -95 23
176 -96 22
177 -97 22
177 -98 22
178 -99 22
179 -100 22
179 -100 21
180 -101 21
180 -102 21
181 -102 21
181 -103 20
181 -104 20
182 -105 19
183 -106 20
183 -107 19
183 -107 19
184 -108 19
184 -109 18
185 -110 18
186 -110 18
187 -111 18
187 -112 17
188 -113 17
188 -114 17
188 -115 17
189 -115 17
189 -116 16
190 -117 16
190 -118 16
191 -119 15
192 -120 16
192 -120 15
193 -121 14
193 -122 14
193 -123 14
194 -124 14
195 -124 14
195 -125 13
196 -126 13
196 -127 13
196 -128 13
197 -128 12
198 -129 12
199 -130 12
199 -131 12
200 -131 12
200 -132 11
200 -133 11
201 -134 11
201 -135 10
202 -136 10
203 -136 10
203 -137 9
204 -138 9
204 -139 9
205 -140 9
205 -140 8
206 -141 8
206 -142 8
207 -143 8
207 -143 8
208 -144 8
208 -146 7
209 -146 7
209 -147 6
210 -148 6
210 -149 6
211 -149 6
211 -150 6
212 -151 5
212 -152 5
213 -152 5
213 -153 4
214 -154 4
214 -155 4
215 -156 4
215 -157 3
216 -158 3
216 -159 3
217 -159 3
218 -160 3
218 -161 2
219 -161 2
219 -162 2
219 -162 2
219 -163 1
218 -162 0
218 -162 -1
218 -162 -1
219 -162 -1
219 -162 -1
219 -163 -1
220 -164 -1
220 -165 -1
220 -166 -1
220 -166 -1
220 -168 -1
220 -169 -1
219 -169 -2
219 -171 -1
219 -172 -1
219 -173 -1
219 -174 -2
219 -175 -1
219 -176 -2
219 -176 -2
219 -176 -2
220 -177 -2
220 -177 -2
221 -178 -2
222 -178 -2
223 -179 -2
224 -179 -1
225 -179 -1
226 -179 -2
227 -180 -1
227 -180 -1
228 -180 -1
228 -179 -2
228 -179 -1
228 -178 -1
228 -178 -1
228 -177 -1
228 -176 -2
228 -176 -1
228 -176 -1
228 -175 -2
228 -174 -2
228 -174 -2
229 -173 -2
229 -173 -2
229 -173 -2
229 -173 -2
230 -173 -1
230 -173 -1
231 -172 -2
231 -172 -2
232 -172 -2
232 -172 -2
232 -172 -2
233 -172 -2
234 -173 -1
234 -173 -2
234 -173 -1
234 -173 -2
235 -173 -1
235 -174 -1
235 -174 -2
235 -174 -2
236 -174 -2
236 -174 -1
236 -175 -1
236 -175 -2
236 -175 -1
236 -176 -2
236 -176 -2
236 -177 -2
236 -177 -1
236 -178 -2
236 -179 -2
237 -180 -1
237 -181 -2
236 -183 -1
236 -183 -2
236 -184 -2
236 -185 -1
236 -186 -1
236 -186 -2
236 -187 -1
236 -187 -1
236 -187 -2
236 -187 -1
235 -188 -1
235 -188 -1
235 -189 -2
234 -189 -1
234 -190 -1
234 -190 -2
233 -190 -2
233 -190 -1
232 -190 -2
232 -190 -2
232 -189 -2
231 -190 -2
230 -190 -2
230 -190 -2
230 -189 -2
229 -189 -2
229 -189 -2
229 -189 -2
228 -189 -2
228 -189 -2
228 -188 -2
228 -189 -1
227 -188 -2
227 -188 -2
227 -188 -2
227 -188 -2
226 -187 -2
226 -187 -2
226 -187 -2
226 -187 -2
226 -186 -2
225 -186 -2
224 -185 -2
223 -184 -2
223 -184 -1
222 -183 -2
221 -183 -2
220 -182 -2
219 -182 -2
219 -182 -2
218 -181 -2
217 -181 -2
215 -181 -2
214 -180 -2
214 -180 -2
213 -180 -2
212 -180 -2
211 -180 -2
209 -179 -2
209 -179 -2
208 -179 -2
207 -179 -2
205 -179 -2
205 -178 -2
204 -178 -2
203 -178 -2
202 -178 -2
201 -178 -2
201 -178 -2
201 -178 -2
201 -178 -2
201 -179 -2
201 -179 -2
201 -179 -2
201 -180 -2
201 -180 -2
201 -179 -2
201 -180 -2
201 -180 -2
200 -180 -2
200 -181 -2
200 -181 -2
199 -181 -2
199 -182 -2
198 -182 -2
198 -182 -2
197 -182 -2
197 -181 -2
197 -181 -2
197 -181 -2
196 -181 -2
196 -180 -2
196 -180 -1
195 -180 -2
195 -179 -2
195 -179 -2
195 -179 -2
195 -179 -2
194 -179 -2
194 -178 -2
194 -178 -2
194 -178 -2
194 -177 -2
194 -176 -2
194 -174 -1
194 -173 -2
194 -172 -2
194 -171 -2
194 -170 -2
194 -170 -2
195 -169 -2
195 -169 -2
194 -168 -2
195 -168 -2
195 -168 -2
195 -167 -2
195 -167 -2
195 -167 -2
195 -167 -2
196 -166 -2
196 -166 -2
197 -165 -2
197 -165 -2
197 -165 -2
197 -165 -2
198 -165 -2
198 -165 -2
199 -165 -2
200 -165 -2
200 -165 -2
200 -165 -2
200 -165 -2
201 -166 -2
201 -166 -2
202 -166 -2
202 -166 -2
202 -167 -2
203 -167 -2
203 -167 -2
203 -167 -2
203 -168 -2
203 -168 -2
203 -168 -2
203 -168 -2
204 -169 -2
204 -169 -2
204 -170 -2
204 -170 -2
204 -171 -2
204 -171 -2
205 -172 -2
205 -172 -2
206 -173 -2
207 -173 -2
208 -174 -2
208 -174 -2
209 -175 -2
210 -175 -2
211 -175 -2
212 -176 -1
212 -175 -1
212 -175 -2
212 -174 -1
212 -172 -1
212 -171 -2
212 -170 -2
212 -168 -2
212 -167 -2
212 -166 -2
212 -165 -2
212 -164 -2
212 -163 -2
212 -162 -2
212 -161 -2
212 -159 -2
212 -159 -2
212 -159 -2
211 -159 -2
210 -158 -2
209 -158 -2
208 -157 -2
207 -157 -2
206 -156 -1
205 -156 -2
204 -156 -2
203 -156 -2
202 -156 -2
202 -156 -2
202 -156 -2
202 -156 -2
202 -157 -2
202 -158 -2
202 -158 -2
202 -159 -2
202 -160 -2
202 -160 -2
202 -160 -2
202 -161 -2
201 -162 -2
201 -162 -2
201 -162 -2
201 -162 -2
201 -162 -2
201 -162 -2
200 -163 -2
200 -163 -2
199 -163 -2
199 -163 -2
198 -163 -2
198 -163 -2
197 -163 -2
197 -163 -2
197 -162 -2
196 -162 -2
196 -162 -2
196 -162 -2
195 -161 -2
195 -161 -2
195 -161 -2
195 -161 -2
195 -160 -2
195 -160 -2
195 -160 -2
194 -160 -2
195 -159 -2
195 -159 -2
195 -159 -2
195 -158 -2
195 -158 -1
195 -157 -1
195 -157 -1
195 -156 0
196 -155 0
196 -153 0
196 -153 0
196 -153 0
196 -152 0
196 -152 0
196 -152 0
197 -151 0
196 -151 0
197 -150 0
196 -150 0
196 -147 -2
197 -144 -2
198 -142 -3
198 -142 -2
198 -142 -3
198 -143 -2
198 -143 -2
198 -143 -2
198 -144 -3
199 -144 -2
200 -145 -2
200 -145 -3
200 -145 -2
201 -145 -2
201 -146 -3
201 -146 -2
202 -147 -2
202 -147 -2
202 -148 -2
202 -148 -2
202 -148 -3
202 -148 -2
203 -149 -2
203 -149 -3
203 -150 -2
203 -150 -2
204 -151 -2
205 -151 -2
206 -152 -3
206 -152 -2
207 -153 -2
208 -153 -2
209 -154 -2
210 -154 -2
211 -155 -2
212 -155 -2
213 -155 -2
214 -155 -2
215 -155 -2
216 -155 -2
217 -155 -2
218 -155 -2
219 -156 -2
220 -156 -2
221 -156 -2
222 -156 -2
223 -156 -2
224 -156 -2
226 -156 -2
226 -157 -2
227 -157 -2
228 -157 -2
229 -157 -2
229 -157 -2
229 -157 -2
229 -157 -2
229 -157 -1
229 -156 -2
228 -156 -2
229 -155 -2
229 -154 -2
229 -154 -2
229 -154 -2
229 -154 -2
229 -153 -2
229 -153 -2
229 -153 -2
229 -153 -2
230 -153 -2
230 -153 -2
231 -152 -2
231 -152 -2
232 -152 -2
232 -152 -2
232 -152 -2
233 -152 -2
233 -152 -2
234 -152 -2
234 -153 -2
234 -153 -2
234 -153 -3
235 -153 -2
235 -154 -2
235 -154 -2
235 -154 -2
235 -155 -2
236 -155 -2
236 -155 -2
236 -155 -2
236 -156 -2
236 -157 -2
236 -158 -2
236 -159 -2
236 -160 -2
236 -161 -1
236 -162 -2
236 -163 -2
236 -164 -2
236 -165 -1
236 -166 -2
236 -166 -2
236 -166 -2
235 -167 -2
235 -167 -2
235 -167 -2
235 -168 -2
235 -168 -2
234 -169 -2
234 -169 -2
233 -170 -2
233 -170 -2
232 -170 -1
232 -170 -2
232 -170 -1
231 -170 -2
230 -170 -2
230 -170 -1
229 -170 -2
229 -170 -1
229 -170 -2
228 -169 -2
228 -169 -2
228 -169 -2
227 -168 -2
227 -168 -2
227 -168 -2
227 -168 -2
227 -168 -2
227 -167 -2
226 -167 -2
227 -167 -2
227 -166 -2
226 -166 -2
227 -165 -2
227 -165 -2
226 -164 -2
226 -164 -2
226 -163 -2
225 -163 -2
224 -162 -2
223 -162 -2
223 -161 -2
222 -161 -2
221 -160 -2
220 -160 -2
219 -160 -2
218 -160 -2
218 -160 -2
218 -160 -2
218 -160 -1
217 -159 -1
217 -159 -1
217 -160 0
217 -160 0
217 -159 0
217 -159 0
217 -159 1
217 -158 1
217 -157 1
218 -155 1
218 -154 1
218 -153 0
218 -152 0
219 -151 1
219 -150 2
219 -150 2
220 -148 2
219 -147 1
220 -146 2
220 -145 2
220 -144 2
220 -144 3
221 -143 3
221 -142 3
221 -140 3
221 -139 2
221 -138 1
221 -137 2
221 -137 3
222 -136 4
222 -135 3
222 -133 2
222 -132 2
222 -131 1
221 -130 1
222 -129 2
222 -129 3
223 -128 3
222 -126 2
222 -125 1
223 -124 2
223 -123 2
223 -122 2
223 -122 2
223 -121 3
224 -120 3
224 -119 3
224 -118 2
224 -118 3
224 -118 3
224 -119 2
224 -118 0
223 -118 -1
223 -118 -1
224 -118 -1
224 -119 -1
224 -121 -1
224 -121 -1
224 -123 -1
224 -125 -1
224 -126 -1
224 -127 -1
224 -128 -1
224 -128 -1
224 -129 -1
224 -131 -1
224 -132 -1
224 -133 -1
224 -134 -1
224 -135 -1
224 -136 -1
224 -137 -1
224 -138 -1
224 -139 -2
224 -139 -2
224 -141 -1
224 -142 -1
224 -143 -1
224 -144 -1
224 -145 -1
224 -145 -2
224 -146 -1
224 -147 -2
224 -147 -2
224 -147 -2
224 -147 -2
224 -147 -2
224 -147 -2
225 -147 -2
224 -147 -2
225 -147 -2
225 -147 -2
225 -146 -2
225 -146 -2
226 -146 -2
226 -145 -2
226 -145 -2
227 -145 -2
227 -145 -2
227 -145 -2
228 -144 -2
228 -144 -2
228 -143 -2
229 -143 -2
229 -142 -2
230 -141 -2
230 -140 -2
230 -140 -2
230 -140 -2
230 -140 -2
229 -140 -2
229 -139 -2
229 -139 -2
229 -138 -2
229 -138 -2
229 -137 -2
229 -137 -2
229 -137 -2
229 -137 -2
229 -136 -2
229 -135 -2
229 -135 -2
229 -134 -2
229 -134 -2
229 -134 -2
229 -133 -2
229 -133 -2
229 -133 -2
229 -132 -2
229 -132 -2
229 -132 -2
229 -131 -2
229 -131 -2
229 -131 -2
228 -130 -2
228 -130 -2
229 -130 -2
228 -130 -2
228 -129 -2
228 -128 -2
228 -128 -2
228 -128 -2
228 -128 -2
228 -127 -1
228 -127 -2
228 -126 -2
228 -126 -2
228 -126 -2
227 -125 -2
227 -125 -2
227 -125 -2
227 -125 -2
227 -125 -2
227 -124 -2
227 -124 -2
227 -123 -2
226 -123 -2
226 -123 -2
226 -122 -2
227 -122 -2
226 -122 -2
226 -122 -2
227 -122 -2
227 -121 -2
227 -121 -2
227 -120 -2
228 -120 -2
228 -119 -2
228 -119 -2
229 -119 -2
229 -120 -2
230 -120 -2
230 -120 -2
230 -120 -2
231 -121 -2
232 -120 -2
231 -120 -2
232 -121 -2
232 -121 -2
233 -121 -2
233 -121 -2
233 -122 -2
234 -122 -2
234 -122 -2
234 -122 -2
234 -122 -2
234 -123 -2
235 -123 -2
235 -123 -2
235 -123 -2
235 -124 -2
235 -124 -2
235 -125 -2
235 -125 -2
235 -125 -2
235 -125 -2
235 -126 -2
236 -127 -2
235 -127 -2
236 -128 -2
235 -128 -2
235 -129 -2
235 -129 -2
235 -129 -2
235 -130 -2
236 -130 -2
235 -131 -2
235 -132 -2
235 -132 -2
235 -132 -2
235 -133 -2
235 -133 -2
235 -133 -2
235 -134 -2
236 -134 -2
235 -135 -2
235 -135 -2
236 -135 -2
235 -135 -2
235 -136 -2
236 -136 -2
236 -137 -2
235 -136 -2
236 -137 -2
236 -138 -2
236 -138 -1
236 -138 -2
236 -138 -2
236 -139 -2
236 -139 -1
236 -140 -2
236 -140 -1
236 -140 -2
236 -141 -2
236 -141 -2
236 -141 -2
236 -142 -2
236 -142 -2
236 -143 -2
236 -143 -2
235 -143 -2
235 -143 -2
235 -143 -2
235 -144 -2
235 -144 -2
235 -145 -2
235 -145 -2
235 -145 -2
234 -146 -2
234 -146 -2
234 -146 -2
234 -147 -2
234 -147 -2
234 -147 -2
234 -148 -2
233 -148 -2
233 -148 -2
233 -149 -2
232 -150 -2
232 -149 -2
232 -149 -2
232 -150 -2
232 -150 -2
232 -150 -2
232 -150 -2
232 -150 -2
231 -151 -2
231 -151 -2
231 -151 -2
230 -151 -2
230 -151 -2
229 -152 -2
228 -153 -2
228 -153 -2
228 -153 -2
228 -153 -2
228 -153 -2
227 -153 -2
227 -153 -2
227 -153 -1
226 -153 -2
225 -153 -2
225 -153 -2
225 -153 -2
225 -153 -2
224 -153 -2
224 -153 -2
224 -153 -2
223 -153 -2
223 -153 -2
223 -153 -2
222 -153 -2
222 -153 -2
221 -153 -2
221 -152 -2
221 -153 -2
220 -153 -2
220 -153 -2
220 -153 -2
220 -153 -2
219 -152 -2
219 -152 -2
219 -152 -1
218 -152 -2
218 -152 -2
217 -152 -2
217 -152 -2
217 -152 -2
216 -152 -2
216 -152 -2
216 -151 -2
215 -151 -2
215 -151 -2
214 -151 -2
214 -151 -2
214 -151 -2
214 -150 -2
214 -150 -1
213 -150 -2
213 -150 -2
213 -149 -2
212 -149 -2
212 -149 -2
212 -149 -2
211 -149 -2
211 -148 -2
211 -148 -2
210 -148 -2
210 -148 -2
210 -148 -2
210 -147 -2
209 -147 -2
209 -147 -2
209 -146 -2
209 -146 -2
209 -146 -2
209 -146 -2
208 -145 -2
208 -145 -2
207 -145 -2
207 -145 -2
207 -144 -2
207 -144 -2
207 -144 -2
207 -143 -2
207 -143 -2
206 -143 -2
207 -143 -2
206 -142 -2
206 -142 -2
206 -142 -2
206 -141 -2
206 -141 -2
206 -141 -1
206 -140 -2
205 -140 -2
205 -140 -2
205 -139 -2
205 -139 -2
205 -138 -1
205 -138 -2
205 -138 -2
205 -137 -2
205 -137 -2
205 -136 -2
205 -136 -2
204 -136 -2
205 -135 -2
205 -135 -2
205 -135 -2
205 -134 -2
205 -134 -2
205 -134 -2
204 -133 -2
205 -133 -2
205 -132 -2
204 -132 -2
205 -132 -2
205 -131 -2
204 -131 -2
205 -131 -2
205 -130 -2
205 -130 -2
205 -129 -2
205 -129 -2
205 -129 -2
205 -129 -2
205 -128 -2
205 -128 -2
205 -128 -2
205 -127 -2
205 -126 -2
205 -126 -2
205 -126 -2
205 -126 -2
205 -125 -2
206 -125 -2
205 -125 -2
206 -124 -2
206 -124 -2
206 -124 -2
206 -124 -2
206 -123 -2
206 -123 -2
207 -122 -2
207 -122 -2
207 -122 -2
207 -122 -2
207 -122 -2
208 -121 -2
209 -121 -2
209 -120 -2
209 -119 -2
210 -119 -2
210 -119 -2
210 -119 -2
210 -119 -2
210 -119 -2
210 -119 -2
210 -119 -2
211 -119 -1
212 -119 -2
212 -119 -2
213 -119 -2
213 -119 -2
213 -118 -2
214 -119 -2
214 -119 -2
214 -119 -2
215 -118 -2
215 -118 -2
215 -118 -2
216 -118 -2
216 -118 -2
216 -118 -2
217 -118 -2
217 -118 -2
218 -118 -2
218 -118 -2
218 -118 -1
218 -118 -2
218 -118 -2
219 -118 -2
219 -118 -2
220 -118 -2
220 -118 -2
220 -118 -2
221 -118 -2
223 -118 -2
223 -119 -2
224 -119 -2
224 -119 -2
224 -119 -2
224 -119 -2
224 -119 -1
223 -118 -1
223 -118 0
224 -118 1
223 -119 1
222 -119 1
221 -119 0
221 -119 1
219 -121 1
219 -122 1
218 -123 2
217 -124 1
216 -124 1
216 -124 1
216 -124 1
216 -125 1
217 -125 1
216 -125 0
216 -124 -1
216 -124 -1
216 -125 -1
216 -125 -1
216 -125 -1
216 -125 -1
216 -126 -1
216 -126 -1
216 -126 -1
215 -126 -1
215 -126 -1
215 -126 -1
214 -127 -1
214 -127 -1
214 -127 -2
213 -127 -2
213 -128 -2
213 -128 -2
213 -129 -2
212 -129 -2
212 -129 -2
212 -130 -1
212 -129 -2
212 -130 -1
211 -130 -2
211 -130 -2
211 -131 -2
211 -131 -2
211 -132 -1
211 -132 -1
210 -133 -2
210 -133 -2
210 -134 -2
211 -134 -2
212 -135 -2
212 -137 -2
212 -137 -2
212 -139 -2
212 -140 -2
213 -140 -2
213 -141 -2
213 -141 -2
213 -141 -2
213 -141 -2
213 -141 -2
214 -142 -2
214 -142 -2
214 -142 -2
214 -143 -2
215 -143 -2
214 -143 -2
215 -143 -2
215 -143 -2
215 -144 -2
216 -144 -2
216 -144 -1
216 -144 -2
217 -145 -2
217 -145 -1
217 -145 -1
217 -145 -2
217 -144 -2
217 -143 -1
217 -142 -2
216 -141 -2
216 -139 -2
216 -138 -2
216 -137 -2
216 -135 -2
216 -134 -2
216 -133 -2
216 -132 -2
217 -131 -2
216 -130 -2
217 -129 -2
217 -128 -2
217 -127 -2
217 -126 -2
216 -125 -2
217 -124 -2
217 -124 -2
216 -124 -1
216 -123 -1
216 -123 0
216 -123 0
216 -123 0
216 -123 1
215 -122 1
215 -122 1
214 -121 2
213 -120 1
213 -119 1
212 -118 1
212 -118 1
211 -117 1
210 -116 1
210 -116 2
210 -115 3
209 -114 3
208 -113 2
208 -112 2
207 -112 2
206 -111 3
206 -110 3
206 -109 3
205 -108 2
204 -107 2
204 -107 2
203 -106 2
202 -105 2
202 -104 2
202 -104 3
201 -103 3
200 -102 3
200 -102 2
198 -100 2
198 -99 2
198 -99 2
198 -98 3
197 -97 3
196 -97 3
195 -96 2
195 -95 2
194 -94 2
194 -93 3
193 -92 3
193 -92 3
192 -91 2
192 -91 2
192 -91 2
192 -91 1
192 -91 0
192 -91 -1
192 -91 -1
193 -92 -1
194 -92 -1
196 -93 -1
197 -93 -2
198 -93 -2
199 -94 -2
200 -94 -1
201 -94 -1
203 -94 -1
203 -94 -1
204 -94 -1
205 -95 -1
206 -95 -2
207 -96 -1
208 -96 -1
209 -96 -2
210 -96 -2
211 -96 -1
212 -96 -2
213 -96 -2
214 -97 -2
215 -97 -1
216 -97 -2
217 -97 -2
218 -97 -2
219 -98 -2
220 -98 -2
221 -98 -2
222 -98 -1
223 -98 -2
224 -99 -2
225 -99 -2
226 -99 -2
227 -99 -2
228 -99 -2
229 -99 -2
229 -100 -1
229 -100 -1
230 -99 -1
229 -98 -2
229 -97 -2
229 -96 -2
229 -94 -2
229 -92 -2
229 -91 -2
229 -91 -2
229 -91 -2
228 -90 -2
229 -90 -2
228 -90 -2
228 -90 -2
228 -90 -2
228 -89 -2
228 -89 -2
229 -89 -2
229 -89 -2
229 -88 -2
229 -88 -2
229 -88 -2
229 -87 -2
230 -87 -2
230 -87 -2
231 -86 -2
231 -87 -2
232 -87 -2
232 -87 -2
233 -87 -2
233 -87 -2
234 -87 -2
234 -88 -2
234 -88 -2
234 -88 -2
235 -88 -2
235 -89 -2
235 -89 -2
235 -89 -2
235 -90 -2
235 -90 -2
236 -90 -2
235 -91 -2
235 -91 -2
235 -91 -2
235 -92 -2
235 -94 -2
235 -95 -2
235 -97 -2
235 -98 -2
235 -99 -2
235 -100 -2
235 -101 -2
235 -102 -1
235 -103 -2
235 -104 -2
235 -105 -2
235 -106 -2
235 -107 -2
235 -108 -2
235 -109 -2
235 -110 -1
235 -110 -1
235 -111 -1
235 -113 -2
235 -114 -2
235 -115 -1
235 -116 -2
235 -117 -2
235 -117 -2
235 -117 -1
235 -117 -2
235 -117 -2
235 -117 -1
235 -117 -1
234 -118 -2
234 -118 -2
234 -119 -2
234 -119 -1
234 -119 -2
234 -119 -1
234 -119 -2
233 -119 -2
233 -119 -2
232 -119 -2
232 -119 -2
231 -120 -2
231 -120 -1
230 -119 -2
230 -119 -2
230 -119 -2
229 -119 -2
229 -119 -2
228 -119 -2
228 -118 -2
228 -118 -2
228 -118 -2
227 -118 -2
227 -118 -2
227 -117 -2
227 -117 -2
227 -117 -2
227 -116 -2
227 -116 -2
227 -116 -2
227 -115 -2
227 -114 -2
227 -113 -2
227 -111 -2
227 -110 -2
227 -109 -2
227 -108 -2
227 -107 -2
228 -107 -2
228 -106 -2
227 -106 -2
227 -105 -2
226 -105 -2
225 -104 -1
224 -104 -2
223 -103 -1
222 -103 -1
221 -103 -1
220 -103 -1
219 -102 -1
218 -102 -2
217 -102 -2
216 -102 -2
215 -102 -2
214 -102 -2
213 -102 -2
212 -102 -1
211 -101 -2
210 -101 -2
209 -101 -2
208 -101 -2
207 -101 -1
206 -101 -2
205 -101 -2
204 -101 -1
203 -101 -1
202 -100 -1
201 -100 -2
200 -100 -2
199 -100 -2
199 -100 -2
198 -100 -2
199 -100 -1
198 -101 -2
198 -102 -2
198 -103 -2
199 -105 -2
199 -106 -2
198 -106 -2
198 -106 -2
199 -106 -2
199 -107 -2
199 -107 -2
199 -107 -2
199 -108 -1
199 -108 -2
199 -108 -1
199 -109 -2
199 -109 -2
199 -109 -2
199 -110 -1
198 -110 -2
198 -110 -1
198 -110 -2
197 -110 -2
197 -110 -1
196 -110 -2
196 -109 -2
195 -109 -2
195 -109 -2
194 -109 -2
194 -109 -2
194 -109 -1
194 -108 -2
193 -108 -2
193 -108 -2
192 -108 -2
192 -107 -2
192 -107 -2
192 -107 -2
192 -106 -2
192 -106 -2
192 -105 -2
192 -105 -2
192 -104 -2
192 -104 -2
192 -102 -2
192 -101 -2
192 -100 -2
192 -99 -2
192 -98 -2
192 -97 -2
192 -95 -2
192 -95 -2
193 -94 -2
193 -93 -2
193 -92 -2
193 -91 -2
192 -91 -2
192 -91 -1
192 -91 -1
192 -90 -1
192 -90 0
192 -91 1
192 -91 1
192 -91 1
192 -90 2
192 -89 1
192 -87 1
192 -86 1
192 -85 1
193 -84 2
193 -83 2
193 -83 2
192 -81 2
192 -80 1
192 -79 1
193 -78 2
192 -77 2
193 -77 2
193 -76 2
193 -75 2
193 -74 2
193 -72 2
193 -71 2
192 -71 2
193 -70 2
193 -69 3
193 -67 3
193 -66 2
193 -65 2
193 -65 2
193 -64 2
193 -63 2
193 -62 2
193 -61 2
193 -59 2
193 -59 2
193 -58 2
193 -57 2
193 -57 2
193 -58 2
193 -57 1
193 -57 0
193 -57 -1
193 -57 -1
194 -57 -1
194 -58 -1
196 -58 -1
197 -59 -1
198 -59 -1
199 -59 -2
200 -60 -1
201 -60 -2
202 -60 -2
203 -61 -2
204 -61 -1
205 -61 -2
206 -61 -2
207 -62 -2
208 -62 -2
209 -62 -2
210 -63 -2
211 -63 -2
212 -63 -2
213 -63 -2
214 -63 -2
215 -63 -2
216 -64 -2
217 -64 -1
218 -64 -2
219 -64 -2
220 -64 -2
221 -64 -2
222 -64 -2
223 -65 -2
224 -65 -2
225 -65 -2
226 -65 -2
227 -66 -2
228 -66 -2
228 -66 -2
229 -66 -2
229 -65 -2
229 -65 -2
229 -64 -2
229 -63 -2
229 -62 -2
229 -60 -2
229 -58 -2
229 -57 -2
229 -57 -2
229 -57 -2
229 -57 -2
228 -56 -2
228 -56 -2
228 -56 -2
228 -56 -2
228 -55 -2
228 -55 -2
228 -55 -2
228 -55 -2
228 -54 -2
229 -54 -2
229 -53 -2
230 -53 -2
230 -53 -2
230 -53 -2
230 -53 -2
231 -53 -2
232 -53 -2
232 -54 -2
233 -53 -2
233 -53 -2
233 -54 -2
234 -54 -1
234 -54 -2
234 -54 -2
234 -54 -2
235 -55 -2
235 -55 -2
235 -55 -1
235 -56 -2
235 -57 -2
235 -57 -2
235 -58 -1
235 -58 -2
235 -58 -2
235 -59 -2
235 -60 -2
236 -61 -1
235 -63 -2
235 -64 -2
235 -65 -2
235 -66 -2
235 -67 -2
235 -68 -2
235 -69 -2
235 -70 -2
235 -71 -2
235 -72 -2
235 -73 -2
235 -74 -2
235 -75 -2
235 -76 -2
235 -77 -2
235 -78 -2
235 -79 -2
235 -80 -2
235 -81 -2
235 -82 -2
235 -82 -2
234 -83 -2
235 -83 -2
235 -83 -2
235 -83 -2
235 -83 -2
235 -83 -2
235 -84 -2
234 -84 -2
234 -85 -2
234 -86 -2
234 -86 -2
234 -86 -2
233 -86 -2
233 -86 -2
233 -86 -2
232 -86 -2
232 -85 -2
231 -86 -2
231 -85 -2
230 -85 -2
230 -86 -2
230 -85 -2
229 -85 -2
229 -85 -2
229 -85 -2
228 -85 -2
228 -84 -2
228 -84 -2
228 -84 -2
228 -84 -2
227 -84 -2
227 -83 -2
227 -83 -2
227 -83 -2
227 -82 -1
227 -82 -2
227 -81 -2
227 -80 -2
227 -79 -2
227 -78 -2
227 -76 -2
227 -75 -2
228 -74 -2
227 -73 -2
228 -72 -2
227 -72 -2
227 -71 -2
227 -71 -2
226 -71 -2
225 -70 -2
224 -70 -2
223 -70 -2
222 -70 -2
221 -69 -2
219 -69 -2
219 -69 -1
218 -69 -1
217 -69 -1
216 -68 -2
215 -68 -2
214 -68 -1
213 -68 -1
212 -68 -1
211 -68 -2
210 -67 -2
208 -68 -2
208 -68 -2
207 -67 -2
206 -67 -2
205 -67 -2
204 -67 -1
203 -67 -2
202 -66 -2
202 -66 -1
200 -66 -1
199 -66 -2
199 -66 -1
199 -66 -1
198 -67 -1
198 -68 -1
198 -69 -2
198 -70 -2
198 -71 -2
199 -72 -2
198 -72 -2
198 -72 -2
199 -72 -2
199 -73 -1
199 -73 -2
199 -73 -2
199 -74 -2
199 -74 -2
199 -75 -2
199 -75 -2
199 -75 -1
199 -76 -2
199 -76 -1
199 -76 -2
198 -76 -2
198 -76 -2
197 -76 -2
197 -76 -2
196 -76 -2
196 -75 -2
195 -75 -2
195 -75 -2
195 -75 -1
194 -75 -2
194 -75 -2
194 -75 -1
193 -74 -2
193 -74 -2
193 -74 -2
193 -74 -2
193 -73 -2
193 -73 -2
193 -73 -1
193 -72 -2
193 -72 -1
192 -71 -2
193 -71 -2
193 -70 -1
193 -69 -1
193 -67 -1
193 -66 -2
193 -65 -2
193 -64 -2
193 -63 -2
193 -62 -2
193 -61 -2
193 -60 -2
193 -59 -2
193 -58 -2
193 -57 -2
193 -58 -1
192 -57 -1
192 -57 -1
192 -57 0
192 -57 0
192 -57 1
192 -57 1
192 -57 2
193 -56 2
194 -57 2
196 -56 3
197 -55 3
198 -55 2
199 -54 2
199 -54 2
201 -54 2
202 -53 2
203 -53 2
204 -53 3
205 -52 2
205 -52 2
206 -51 2
207 -51 2
208 -50 2
209 -50 2
210 -50 2
211 -49 2
212 -49 2
213 -48 3
213 -48 2
214 -47 2
216 -47 2
216 -46 2
217 -46 2
218 -46 2
219 -45 2
220 -44 2
221 -44 2
221 -44 2
222 -43 2
223 -43 2
224 -42 2
225 -42 2
226 -41 2
227 -41 2
228 -41 2
229 -40 2
230 -40 2
231 -39 2
232 -39 3
232 -38 2
233 -38 2
234 -37 2
235 -37 2
236 -37 2
237 -37 2
236 -36 1
236 -36 0
235 -36 0
235 -36 -1
235 -36 -2
236 -36 -2
236 -36 -2
236 -36 -1
236 -36 -2
236 -37 -2
236 -37 -2
236 -38 -2
236 -38 -2
236 -38 -2
236 -39 -2
236 -39 -2
236 -40 -2
236 -40 -2
236 -41 -2
236 -41 -2
236 -42 -2
236 -42 -2
236 -43 -2
235 -43 -2
235 -43 -2
235 -44 -2
235 -44 -2
235 -44 -2
234 -44 -2
234 -45 -2
234 -45 -2
234 -45 -2
234 -46 -2
233 -46 -2
233 -46 -2
233 -47 -2
232 -47 -2
232 -48 -2
232 -48 -2
231 -47 -2
231 -48 -2
231 -48 -2
231 -48 -2
231 -49 -2
230 -49 -2
230 -49 -2
230 -49 -2
229 -50 -2
229 -50 -2
228 -50 -2
228 -50 -2
228 -50 -2
228 -50 -2
227 -51 -2
227 -51 -2
227 -50 -2
226 -51 -2
226 -51 -2
226 -51 -2
225 -51 -2
225 -51 -1
225 -51 -1
224 -51 -1
224 -51 -2
224 -51 -2
223 -51 -1
223 -51 -2
222 -51 -2
222 -51 -2
222 -51 -1
222 -51 -1
221 -51 -2
221 -51 -2
221 -51 -1
220 -51 -1
220 -51 -2
220 -51 -1
219 -51 -2
219 -51 -2
219 -50 -2
218 -50 -2
218 -50 -1
218 -50 -1
217 -50 -2
217 -50 -2
216 -50 -1
216 -50 -2
216 -50 -2
215 -50 -2
215 -49 -2
215 -49 -2
214 -49 -2
214 -49 -2
214 -49 -2
213 -49 -2
213 -48 -2
213 -48 -2
212 -48 -2
212 -47 -2
212 -47 -2
212 -47 -2
212 -47 -2
211 -46 -2
211 -46 -2
211 -46 -2
210 -45 -2
210 -45 -2
210 -45 -2
210 -45 -2
209 -44 -2
209 -44 -2
209 -44 -2
209 -44 -2
209 -43 -2
209 -43 -2
208 -42 -2
208 -42 -2
208 -42 -2
208 -41 -2
208 -41 -2
208 -41 -1
207 -41 -2
207 -41 -2
207 -40 -2
207 -40 -2
207 -39 -2
207 -39 -2
206 -39 -2
207 -38 -2
206 -38 -2
206 -38 -2
206 -37 -2
206 -37 -2
206 -37 -2
206 -37 -2
206 -36 -1
205 -36 -2
205 -35 -2
205 -35 -2
205 -35 -2
205 -34 -2
205 -34 -1
205 -33 -2
205 -33 -2
205 -33 -2
205 -33 -2
205 -32 -2
205 -32 -2
204 -31 -2
205 -31 -2
204 -31 -2
205 -31 -2
204 -30 -2
204 -30 -2
204 -30 -2
205 -29 -1
205 -29 -2
205 -28 -2
205 -28 -2
205 -28 -1
205 -27 -1
205 -27 -1
205 -27 -2
205 -26 -2
205 -26 -2
205 -26 -2
205 -25 -2
205 -25 -2
205 -24 -1
205 -24 -1
205 -24 -1
205 -24 -2
205 -24 -2
205 -23 -2
206 -22 -2
207 -21 -2
207 -20 -2
208 -20 -2
209 -19 -2
209 -19 -2
210 -18 -2
211 -17 -2
211 -17 -2
211 -17 -2
211 -17 -2
212 -17 -2
212 -17 -2
213 -17 -2
213 -17 -2
214 -16 -2
214 -16 -2
214 -16 -2
215 -16 -2
215 -16 -2
215 -16 -2
216 -16 -2
216 -16 -2
216 -16 -2
216 -16 -2
217 -16 -2
217 -16 -2
218 -16 -2
218 -16 -2
218 -16 -2
218 -16 -2
219 -16 -2
219 -16 -2
220 -16 -2
220 -16 -2
220 -16 -2
221 -16 -2
221 -16 -2
222 -16 -2
222 -16 -2
223 -16 -1
223 -17 -1
223 -16 -2
223 -17 -2
224 -17 -2
224 -17 -2
224 -17 -2
225 -17 -2
225 -17 -2
225 -17 -2
225 -17 -2
226 -18 -2
226 -18 -2
227 -18 -2
227 -18 -2
227 -18 -2
228 -19 -1
228 -19 -2
228 -19 -2
228 -19 -2
228 -20 -2
229 -20 -2
229 -21 -2
229 -21 -1
229 -21 -2
229 -21 -2
230 -21 -2
230 -21 -2
230 -22 -2
230 -22 -2
231 -22 -2
231 -23 -2
231 -23 -2
231 -24 -2
232 -24 -2
232 -25 -1
232 -25 -2
232 -25 -2
232 -25 -2
233 -25 -2
233 -26 -2
233 -26 -2
233 -26 -2
233 -26 -2
233 -27 -2
233 -28 -2
234 -30 -2
234 -31 -2
234 -32 -2
234 -33 -2
234 -33 -2
235 -34 -2
235 -35 -2
236 -36 -2
236 -37 -2
236 -38 -2
236 -38 -2
236 -38 -2
235 -37 -1
236 -37 -1
235 -37 0
235 -37 0
236 -38 2
236 -37 2
234 -37 2
233 -37 2
231 -37 2
231 -37 2
229 -36 2
229 -36 2
228 -36 2
228 -36 2
228 -36 1
228 -36 0
228 -36 0
228 -36 -1
228 -36 -1
228 -36 -2
228 -35 -1
228 -35 -2
228 -35 -1
228 -34 -2
229 -34 -2
229 -33 -2
229 -32 -1
229 -32 -1
229 -32 -1
229 -32 -1
229 -32 -1
229 -31 -1
229 -31 -2
229 -31 -2
229 -30 -2
228 -30 -2
228 -30 -2
228 -29 -2
228 -29 -2
228 -28 -2
227 -28 -2
227 -27 -2
227 -27 -2
227 -27 -2
226 -26 -2
226 -26 -2
226 -26 -2
226 -26 -2
225 -26 -2
225 -26 -2
225 -25 -1
224 -25 -2
224 -24 -2
224 -25 -1
223 -24 -2
223 -24 -2
223 -24 -2
222 -24 -2
223 -24 -1
222 -23 -2
222 -23 -2
222 -23 -2
221 -23 -2
220 -23 -2
220 -23 -2
220 -23 -2
219 -22 -2
219 -22 -2
218 -22 -2
217 -23 -2
216 -23 -2
215 -23 -2
215 -23 -2
213 -24 -2
213 -24 -2
213 -24 -2
212 -25 -2
212 -25 -2
212 -25 -2
212 -26 -2
212 -26 -2
212 -27 -2
211 -27 -2
211 -27 -2
211 -28 -2
211 -28 -2
211 -29 -2
211 -29 -2
211 -30 -2
211 -30 -2
211 -30 -2
211 -30 -2
211 -30 -2
211 -31 -2
211 -32 -2
210 -32 -2
211 -33 -2
211 -33 -2
211 -33 -2
211 -33 -2
211 -34 -2
211 -34 -2
211 -35 -1
211 -36 -2
212 -36 -1
211 -36 -2
212 -36 -1
212 -36 -2
212 -36 -2
212 -37 -2
213 -37 -1
213 -38 -2
213 -39 -2
213 -39 -2
213 -39 -2
213 -39 -2
214 -39 -1
214 -40 -2
214 -40 -1
214 -40 -2
214 -41 -2
214 -41 -2
215 -41 -1
215 -41 -2
215 -41 -2
216 -41 -2
216 -42 -2
217 -42 -2
217 -42 -2
217 -42 -2
217 -43 -2
217 -43 -2
218 -43 -2
218 -43 -2
219 -43 -1
219 -43 -2
219 -43 -2
219 -44 -2
220 -44 -2
220 -44 -2
220 -44 -2
221 -44 -2
221 -44 -2
221 -44 -2
222 -44 -2
222 -44 -2
222 -45 -2
223 -45 -2
223 -45 -2
223 -45 -2
224 -45 -1
224 -45 -2
224 -45 -2
224 -45 -2
225 -45 -2
225 -44 -2
226 -44 -2
226 -44 -2
226 -44 -2
226 -44 -1
227 -43 -2
227 -43 -2
227 -43 -2
227 -42 -2
228 -42 -2
228 -41 -2
228 -41 -2
228 -41 -2
228 -40 -2
228 -40 -2
229 -40 -2
228 -39 -2
229 -39 -2
229 -38 -2
229 -37 -2
229 -37 -2
229 -37 -2
229 -37 -2
229 -36 -2
229 -36 -2
229 -36 -2
229 -36 -2
229 -35 -2
229 -35 -2
229 -35 -2
229 -35 -1
229 -35 0
229 -35 0
229 -35 1
229 -35 2
229 -34 2
229 -34 2
228 -32 2
228 -31 1
227 -29 1
227 -29 0
227 -28 1
227 -27 2
227 -26 2
227 -25 2
226 -24 2
226 -23 2
226 -22 2
226 -21 2
226 -20 2
226 -19 2
225 -18 2
225 -17 2
225 -16 2
225 -15 2
225 -14 2
225 -13 2
225 -12 2
224 -12 2
224 -11 2
224 -9 2
224 -8 2
224 -7 2
224 -7 2
223 -6 2
223 -5 3
223 -4 2
223 -3 2
222 -2 2
222 -1 2
222 0 2
222 0 2
222 1 2
222 3 2
221 3 2
221 4 2
221 5 2
221 6 2
221 7 2
221 8 2
221 9 3
220 10 2
220 11 2
220 12 2
220 13 2
220 14 2
219 15 2
219 16 2
219 17 2
219 18 2
219 19 2
219 20 2
218 21 2
218 22 2
218 23 2
218 24 3
218 24 3
217 25 2
217 26 2
217 27 2
217 28 2
217 29 2
217 31 2
216 31 2
216 32 2
216 33 2
216 35 2
216 35 2
216 35 2
216 35 2
216 35 1
216 35 0
215 35 -1
215 35 -1
216 35 -1
217 34 -1
218 34 -1
219 33 -1
220 33 -1
221 32 -1
222 31 -1
223 31 -1
224 30 -1
225 30 -1
226 29 -1
227 29 -1
228 28 -2
228 28 -2
229 27 -1
230 27 -1
231 26 -2
232 26 -1
233 25 -2
234 25 -1
234 24 -2
235 24 -2
236 24 -1
236 24 -2
236 23 -2
236 22 -2
236 21 -1
236 19 -2
236 18 -2
236 17 -2
236 17 -2
236 17 -2
235 16 -2
234 16 -2
233 16 -1
231 16 -1
230 16 -1
229 16 -2
228 16 -2
227 16 -1
226 16 -1
225 16 -1
224 16 -1
223 16 -2
221 16 -2
221 16 -2
220 17 -2
218 17 -2
217 17 -2
217 18 -2
216 17 -2
215 18 -2
214 18 -2
212 18 -2
212 18 -2
211 18 -1
210 19 -2
209 19 -1
208 19 -1
207 19 -1
206 19 -1
205 19 -1
204 19 -1
203 20 -1
202 19 -1
202 20 -1
202 20 -1
202 19 -1
202 19 -2
202 19 -1
202 19 -1
201 19 -1
201 19 -1
201 19 -1
201 18 -1
201 19 -1
200 18 -2
200 18 -1
199 18 -1
199 18 -1
198 18 -2
198 18 -1
198 18 -1
198 18 -1
198 17 -1
197 18 -1
197 18 -1
197 18 -1
197 18 -1
197 18 -1
197 18 -1
196 19 -1
197 19 -1
196 19 -2
196 19 -2
196 20 -2
195 20 -2
196 21 -1
196 21 -1
196 22 -1
195 22 -2
195 24 -2
195 26 -2
195 28 -2
194 28 -2
194 29 -2
195 30 -2
195 32 -2
195 32 -2
195 32 -2
195 32 -2
195 32 -2
195 32 -1
195 33 -2
195 33 -2
195 33 -2
196 34 -1
196 34 -2
197 35 -2
197 35 -2
197 35 -2
197 35 -2
197 35 -2
198 36 -2
198 36 -2
199 36 -2
199 35 -2
199 36 -2
200 35 -2
200 36 -2
200 36 -2
200 35 -2
200 35 -2
201 35 -2
201 34 -2
201 34 -2
202 34 -2
203 33 -2
203 33 -2
203 33 -2
203 32 -2
203 32 -2
203 31 -2
203 30 -2
203 30 -2
204 29 -2
204 29 -2
203 28 -2
203 26 -2
203 26 -2
203 25 -2
203 26 -2
204 25 -2
205 25 -2
206 25 -2
207 25 -2
208 25 -2
210 25 -2
211 25 -2
212 25 -2
213 25 -2
214 25 -2
215 25 -2
216 24 -2
217 25 -2
218 25 -2
219 25 -2
220 25 -2
221 24 -2
222 24 -2
222 24 -2
222 24 -2
221 24 -2
219 25 -2
218 25 -2
217 26 -2
215 26 -2
214 27 -2
214 28 -2
213 28 -2
211 29 -2
210 29 -2
210 30 -2
209 30 -2
208 31 -2
207 32 -2
206 32 -2
205 33 -2
205 33 -2
205 33 -2
204 34 -2
204 35 -2
204 36 -2
204 38 -2
204 39 -2
204 41 -2
204 41 -2
204 41 -2
205 41 -2
206 41 -2
208 41 -2
209 42 -2
211 42 -2
212 42 -2
213 42 -2
214 42 -2
215 42 -2
216 42 -2
217 42 -2
218 42 -2
219 42 -2
220 42 -2
221 42 -2
222 42 -2
222 42 -2
221 42 -1
221 42 -1
219 42 -2
218 42 -2
216 42 -2
215 43 -2
214 43 -2
213 44 -2
212 44 -2
211 45 -2
210 45 -2
209 45 -2
208 46 -2
207 46 -2
206 46 -2
205 47 -2
204 47 -1
203 47 -2
202 48 -2
201 48 -2
202 48 -2
201 47 -2
202 47 -2
201 46 -2
201 46 -2
201 45 -2
201 45 -2
201 45 -2
201 44 -2
201 43 -2
202 43 -2
202 42 -2
202 42 -2
201 42 -2
202 41 -2
201 41 -2
201 40 -1
200 40 -2
200 40 -2
200 40 -2
200 40 -2
200 40 -1
199 40 -2
199 40 -2
199 40 -1
198 40 -2
198 40 -2
198 40 -1
197 40 -2
197 40 -2
197 41 -1
197 41 -2
197 42 -1
196 41 -1
196 42 -2
196 43 -2
196 43 -1
196 44 -2
195 44 -2
195 44 -2
195 44 -2
195 45 -2
195 47 -2
195 48 -2
195 50 -1
195 51 -2
195 51 -2
195 51 -2
195 52 -1
195 53 -2
196 55 -2
196 56 -2
195 56 -2
196 56 -2
196 56 -1
196 56 -2
196 56 -2
195 57 -2
196 57 -2
196 57 -2
196 57 -2
197 58 -2
197 58 -2
198 58 -2
198 58 -2
198 58 -2
198 59 -2
199 59 -2
199 59 -2
199 59 -2
199 59 -2
200 59 -2
200 59 -2
200 58 -2
201 58 -2
201 57 -2
202 56 -2
203 55 -2
203 54 -2
203 54 -2
204 54 -2
205 54 -2
206 53 -2
207 53 -2
208 52 -2
209 52 -2
210 52 -2
211 51 -2
212 51 -2
212 51 -2
214 50 -2
214 50 -2
215 50 -2
216 50 -2
217 49 -2
218 49 -2
219 49 -2
220 49 -2
221 48 -2
222 48 -2
223 47 -2
224 47 -2
225 47 -2
226 46 -2
227 46 -2
228 46 -2
228 46 -2
229 45 -2
231 45 -2
232 44 -2
232 44 -2
233 44 -2
234 44 -2
235 44 -2
235 43 -2
236 43 -2
236 42 -2
236 41 -2
236 40 -2
236 39 -2
236 38 -2
236 37 -2
235 37 -2
235 36 -2
235 36 -2
234 35 -2
232 35 -2
231 35 -2
230 35 -2
229 34 -2
228 34 -2
227 34 -2
226 34 -2
225 34 -2
224 34 -2
223 34 -2
222 34 -2
221 33 -1
220 34 -1
219 33 -2
217 34 -2
216 33 -2
215 33 -2
215 33 -2
215 33 -2
215 33 -1
214 33 -1
214 33 0
215 34 2
215 34 2
215 34 2
215 35 2
216 36 2
217 37 3
218 38 2
218 39 2
219 40 3
220 41 3
221 41 2
221 42 2
222 43 2
222 44 3
223 45 3
224 46 3
225 47 3
225 48 2
226 48 2
226 49 3
227 50 3
227 51 2
228 52 2
228 53 2
229 53 2
230 54 2
230 55 2
230 56 2
231 57 2
231 58 2
232 58 2
233 59 2
234 60 2
234 60 2
234 62 2
235 63 2
236 63 2
236 64 2
236 64 2
236 64 2
236 64 1
235 64 0
235 64 -2
235 64 -2
236 64 -2
236 64 -2
236 64 -2
236 64 -1
236 64 -1
236 63 -2
236 63 -2
236 63 -2
236 62 -2
236 62 -2
236 61 -2
235 61 -2
235 60 -2
235 59 -2
235 59 -2
235 59 -2
235 59 -2
234 58 -2
234 58 -2
234 57 -2
234 57 -2
234 56 -2
234 56 -2
234 55 -2
234 55 -2
233 55 -2
233 55 -2
233 55 -2
233 54 -2
232 54 -2
232 54 -2
232 54 -2
232 53 -2
232 53 -2
232 53 -2
231 52 -2
231 52 -2
231 52 -2
231 52 -2
230 51 -2
230 51 -2
229 51 -2
229 51 -2
229 51 -2
229 51 -2
228 50 -2
228 50 -2
228 50 -2
227 50 -2
227 50 -2
227 49 -2
226 49 -2
226 49 -2
226 49 -1
225 49 -2
225 49 -2
225 49 -1
224 49 -2
224 49 -2
224 49 -2
223 49 -2
223 49 -2
223 49 -2
223 49 -2
223 49 -2
222 49 -1
221 49 -2
221 49 -2
221 49 -2
220 49 -2
220 49 -1
220 49 -2
220 49 -1
219 50 -2
219 50 -1
218 50 -2
218 50 -2
218 50 -2
218 51 -2
217 51 -2
217 51 -2
216 51 -2
216 51 -2
216 52 -2
216 52 -2
215 52 -2
215 52 -2
214 52 -2
214 53 -2
214 52 -2
213 53 -2
213 53 -2
213 53 -2
212 54 -2
212 54 -2
212 54 -2
212 54 -2
211 54 -2
211 55 -2
211 55 -2
210 55 -2
210 56 -2
210 56 -2
210 56 -2
210 56 -2
210 56 -2
210 57 -2
209 57 -2
209 58 -2
209 58 -2
209 58 -2
208 58 -2
208 59 -2
208 59 -2
208 59 -2
207 60 -2
207 60 -2
207 60 -2
207 60 -2
207 61 -2
207 61 -2
207 61 -2
207 62 -2
207 62 -2
206 62 -2
206 62 -2
206 62 -2
206 63 -2
205 64 -2
205 64 -2
205 65 -2
205 65 -2
205 65 -2
205 65 -2
205 66 -2
205 66 -2
205 66 -2
205 67 -2
204 67 -2
204 67 -2
204 68 -2
204 68 -2
204 68 -2
204 69 -2
204 69 -2
204 70 -2
204 71 -1
204 71 -1
204 71 -1
205 72 -1
205 72 -1
205 72 -1
205 72 -1
205 72 -1
205 73 -2
205 73 -2
205 73 -1
206 74 -1
205 75 -1
205 75 -2
205 75 -2
205 75 -2
205 75 -2
206 75 -2
206 76 -1
206 76 -1
206 77 -1
206 77 -2
206 77 -2
207 78 -2
207 78 -2
208 79 -2
209 80 -1
209 80 -2
210 81 -2
211 82 -2
212 83 -2
212 83 -2
212 83 -1
213 84 -1
212 84 -2
213 84 -2
213 84 -2
214 84 -1
213 84 -2
214 84 -2
215 85 -1
215 84 -2
215 85 -2
215 85 -2
215 85 -2
216 85 -2
216 85 -2
216 85 -2
217 85 -2
217 85 -2
217 85 -2
218 85 -2
218 85 -2
218 85 -2
219 85 -2
219 85 -2
219 85 -2
220 85 -2
220 85 -2
221 84 -2
221 84 -2
222 84 -2
222 84 -2
222 83 -2
223 84 -2
223 84 -2
223 83 -2
223 83 -2
224 83 -2
224 83 -2
225 82 -2
225 82 -1
225 82 -2
225 82 -2
226 82 -2
226 82 -2
226 82 -2
227 82 -2
227 81 -2
228 80 -1
228 80 -2
228 80 -2
228 80 -2
228 80 -1
229 80 -2
229 80 -2
229 80 -2
229 80 -2
229 80 -2
230 79 -2
230 79 -2
230 78 -2
230 78 -2
231 78 -2
231 78 -2
231 77 -2
232 77 -2
232 77 -2
232 76 -2
232 76 -2
232 76 -2
232 75 -2
233 75 -2
233 75 -2
233 75 -2
233 74 -1
233 74 -2
233 74 -2
234 73 -2
234 71 -2
234 70 -2
235 69 -2
235 68 -2
235 67 -2
236 66 -2
236 65 -2
236 64 -1
236 63 -2
236 63 -2
236 63 -2
236 63 -2
236 62 -1
236 62 0
235 62 0
236 63 1
236 63 2
236 62 2
234 62 1
232 62 0
231 63 1
231 63 2
230 64 2
229 65 3
228 64 2
228 65 2
229 64 2
229 64 1
228 64 0
228 65 -2
228 65 -1
228 65 -2
228 65 -2
229 66 -1
229 66 -2
229 66 -2
229 67 -2
229 67 -2
229 68 -2
229 68 -1
228 69 -2
228 69 -2
228 69 -2
228 69 -2
229 70 -1
228 70 -2
228 71 -2
228 72 -2
228 72 -2
228 72 -2
228 72 -2
228 72 -2
228 73 -2
227 73 -2
228 73 -2
227 73 -2
227 74 -2
227 74 -2
226 74 -2
226 74 -2
226 74 -2
225 75 -2
225 75 -2
225 75 -2
225 76 -2
224 76 -2
223 76 -2
223 77 -2
223 76 -2
223 77 -2
222 77 -2
222 77 -2
222 77 -2
221 77 -2
221 78 -2
220 77 -2
220 77 -2
220 78 -2
220 78 -2
219 77 -2
218 77 -2
217 77 -2
216 77 -2
215 76 -2
214 76 -2
213 76 -2
213 75 -2
213 75 -1
212 75 -2
212 75 -2
212 75 -2
212 75 -2
212 74 -2
212 74 -2
211 74 -2
211 73 -1
211 73 -2
211 73 -2
211 72 -2
211 72 -2
211 72 -1
211 71 -2
211 71 -2
211 70 -2
211 70 -2
211 69 -2
211 69 -2
211 69 -2
211 68 -2
211 68 -2
211 67 -2
211 67 -2
211 67 -2
211 66 -2
212 66 -2
211 65 -2
211 65 -2
212 65 -2
212 65 -2
212 64 -2
212 64 -2
212 63 -2
212 63 -2
212 62 -2
213 62 -2
213 62 -2
213 62 -2
213 61 -2
213 61 -2
213 60 -2
214 60 -2
214 59 -1
214 59 -2
215 59 -2
215 59 -1
215 59 -1
216 59 -1
216 59 -2
216 59 -2
217 59 -2
217 58 -1
217 58 -2
217 58 -2
218 58 -1
218 57 -2
219 57 -1
219 57 -2
219 57 -1
219 57 -2
220 57 -2
220 56 -2
220 57 -2
221 57 -1
221 56 -2
221 56 -2
222 56 -2
222 56 -2
222 56 -2
223 56 -2
223 56 -2
223 56 -2
224 56 -2
224 56 -2
224 56 -2
224 56 -2
224 56 -2
225 56 -2
226 57 -2
226 57 -2
226 57 -2
227 57 -2
227 57 -1
227 57 -2
227 57 -2
227 58 -2
228 58 -2
228 58 -2
228 59 -2
228 59 -2
229 59 -2
229 60 -2
229 60 -2
229 61 -2
229 61 -2
229 61 -2
229 62 -2
229 62 -2
229 62 -2
229 63 -2
229 63 -2
229 64 -2
229 64 -2
229 64 -2
229 65 -2
229 65 -2
229 65 -2
229 66 -2
229 65 -1
229 65 -1
229 66 0
229 66 1
230 66 3
230 66 3
229 66 2
228 67 2
227 68 2
226 69 1
225 70 1
225 71 2
224 72 1
224 73 2
224 73 2
223 74 2
223 75 2
222 76 2
221 77 1
220 77 1
220 78 1
220 79 1
219 80 2
219 81 2
218 82 2
218 83 3
217 83 2
217 84 2
216 85 2
216 86 2
215 87 2
214 88 2
214 89 2
214 89 2
213 90 2
213 91 2
212 92 2
212 93 2
211 94 2
210 95 2
210 95 2
209 96 2
209 97 2
209 98 2
208 99 2
207 99 2
207 100 2
206 101 2
206 102 2
205 103 2
205 103 3
205 104 2
206 104 2
205 103 2
205 103 0
204 103 -1
205 103 -1
205 103 -1
206 103 -1
207 103 -1
208 103 -1
209 103 -1
210 102 -1
210 102 -1
210 102 -1
210 102 -1
210 102 -1
210 102 -2
210 103 -1
210 103 -1
210 104 -1
209 104 -1
209 105 -1
208 105 -2
209 105 -1
208 105 -1
208 106 -1
208 106 -2
208 107 -2
208 107 -1
207 107 -1
207 108 -2
207 108 -2
207 108 -2
206 108 -2
206 109 -2
206 109 -2
206 110 -2
206 110 -1
205 110 -2
205 110 -2
205 111 -2
205 111 -2
205 111 -2
205 111 -2
204 111 -2
204 112 -2
204 112 -2
204 112 -2
204 113 -2
204 114 -2
204 114 -2
204 114 -2
205 115 -2
204 115 -2
205 115 -2
204 116 -2
205 116 -2
205 117 -2
205 117 -2
205 117 -2
205 117 -2
205 117 -2
206 118 -2
206 118 -2
206 119 -2
207 119 -2
207 119 -2
207 119 -2
208 119 -2
208 120 -2
208 120 -2
208 121 -2
208 121 -2
209 121 -2
209 121 -2
209 121 -2
209 121 -2
210 122 -2
210 122 -2
210 121 -2
211 122 -2
211 122 -2
211 121 -2
211 122 -1
211 121 -2
212 121 -2
212 121 -2
213 120 -2
213 120 -2
213 119 -2
213 119 -2
214 119 -2
214 119 -2
214 118 -2
214 118 -2
214 117 -2
214 117 -2
215 117 -2
214 116 -2
214 116 -2
213 115 -2
213 115 -2
213 115 -2
213 114 -1
212 114 -2
212 114 -2
212 113 -2
212 113 -2
211 113 -2
211 113 -2
211 113 -2
211 112 -2
211 111 -2
211 111 -2
211 111 -2
211 111 -2
211 111 -2
211 110 -2
211 110 -2
211 110 -2
211 109 -2
212 109 -2
212 108 -2
212 108 -2
213 107 -2
213 107 -2
213 107 -2
213 106 -2
213 107 -2
213 106 -2
214 106 -2
214 106 -2
214 105 -2
214 105 -2
214 104 -2
214 104 -2
214 104 -2
215 104 -2
215 103 -2
215 103 -2
216 102 -2
216 102 -2
216 102 -2
216 102 -2
216 102 -2
217 101 -1
218 101 -1
218 101 -1
218 100 -1
218 100 -1
218 100 -1
218 100 -1
219 100 -1
219 99 -1
220 99 -2
221 99 -1
222 99 -1
223 99 -2
224 99 -1
225 99 -1
226 98 -1
227 98 -1
228 98 -2
229 98 -1
229 98 -1
229 97 -2
229 98 -2
229 98 -2
230 99 -2
230 101 -1
230 102 -1
229 103 -2
229 105 -1
229 106 -2
229 106 -2
229 107 -2
229 107 -2
229 107 -2
229 108 -2
229 108 -2
229 109 -1
229 109 -2
229 109 -2
229 110 -2
229 110 -2
229 110 -2
230 111 -2
230 111 -2
230 111 -2
231 111 -2
231 111 -2
231 111 -2
231 111 -2
232 111 -2
232 112 -2
232 112 -2
232 111 -2
233 111 -2
233 111 -2
233 111 -2
233 110 -2
234 110 -2
234 110 -1
234 109 -2
235 108 -2
235 109 -1
235 108 -2
235 108 -2
235 107 -2
236 107 -1
236 106 -1
236 106 -2
235 106 -2
235 105 -2
235 104 -2
235 103 -2
235 102 -2
235 100 -2
235 99 -2
235 98 -2
235 97 -2
235 96 -2
234 95 -2
234 94 -2
235 93 -2
234 92 -2
235 91 -2
234 90 -2
235 89 -2
234 88 -2
235 88 -2
234 86 -2
234 86 -2
235 85 -2
234 84 -2
234 85 -2
234 84 -2
234 84 -2
234 84 -2
234 83 -2
234 83 -2
234 83 -2
234 82 -2
234 82 -2
234 82 -2
233 81 -2
233 81 -2
233 81 -2
232 81 -2
232 81 -2
232 81 -2
231 81 -2
231 81 -2
231 81 -2
231 81 -2
230 81 -2
230 81 -2
230 82 -2
230 82 -2
229 82 -2
229 83 -2
228 83 -2
228 83 -2
229 83 -2
228 84 -2
228 84 -2
228 85 -2
228 85 -2
228 85 -2
228 85 -2
228 86 -2
228 88 -1
227 90 -2
227 91 -1
227 92 -2
228 92 -1
228 92 -1
227 92 -2
227 93 -2
226 92 -2
224 93 -2
223 93 -2
222 93 -2
221 93 -2
220 93 -2
219 93 -2
218 93 -2
217 93 -2
216 94 -1
215 94 -2
214 94 -2
213 94 -2
212 95 -2
211 95 -2
211 95 -2
211 94 -2
211 94 -2
211 94 -2
211 93 -2
211 93 -2
211 92 -2
211 92 -2
211 92 -2
211 91 -2
211 91 -2
211 90 -2
211 90 -2
211 89 -2
211 89 -2
210 88 -2
210 88 -1
210 88 -2
210 88 -2
210 88 -1
209 88 -1
209 87 -1
209 88 -1
208 87 -2
208 87 -1
208 88 -2
208 88 -1
207 88 -2
207 88 -2
207 89 -1
207 89 -1
206 90 -2
206 90 -2
206 90 -2
206 91 -2
206 91 -2
205 92 -2
205 92 -2
205 92 -2
205 93 -1
205 93 -2
205 94 -2
205 96 -2
205 98 -2
205 99 -2
205 99 -2
205 99 -2
205 101 -2
206 102 -1
205 103 -2
205 104 -1
205 104 -2
205 104 -2
205 104 -1
205 104 0
206 104 0
206 104 2
206 104 3
206 104 3
206 104 3
206 105 3
205 106 3
204 107 3
204 108 3
203 109 2
202 110 2
202 111 2
202 112 2
202 113 3
202 114 3
202 115 3
201 116 2
201 117 2
201 118 2
201 119 2
201 120 2
200 121 2
200 122 2
199 123 3
199 124 2
199 125 2
199 126 2
198 127 2
198 128 2
198 128 2
197 129 2
197 131 3
197 132 3
197 133 2
196 133 2
195 134 2
195 135 2
195 136 2
195 137 2
194 138 2
194 139 2
194 141 3
194 141 3
194 142 2
194 143 2
193 144 3
193 144 3
193 144 2
193 144 0
192 144 -1
192 144 -2
193 144 -2
192 144 -2
193 144 -2
194 145 -2
195 145 -2
196 144 -2
197 144 -2
199 144 -2
200 143 -2
201 143 -2
202 142 -2
203 142 -2
204 142 -2
205 141 -2
206 141 -2
207 141 -2
208 141 -2
209 140 -2
210 140 -2
211 140 -2
212 139 -2
213 139 -2
214 139 -2
215 139 -2
216 139 -2
217 138 -2
218 138 -2
219 138 -2
220 138 -2
221 138 -2
222 138 -2
223 138 -2
224 137 -2
224 138 -2
225 137 -2
226 137 -2
227 137 -2
228 137 -2
229 136 -1
229 136 -2
229 137 -2
230 137 -2
230 138 -2
230 139 -2
230 139 -2
230 141 -2
230 142 -2
229 144 -2
229 144 -2
229 145 -2
229 145 -2
229 145 -2
229 145 -2
229 145 -2
229 146 -2
229 147 -2
229 147 -2
230 147 -2
230 147 -2
230 148 -2
230 148 -2
230 148 -2
231 149 -1
231 149 -2
231 148 -2
232 149 -2
232 149 -2
232 149 -2
232 149 -2
232 148 -2
233 148 -2
233 148 -2
233 148 -2
233 148 -2
233 148 -2
234 147 -2
234 147 -2
234 146 -2
234 146 -2
235 145 -2
235 144 -2
236 144 -2
235 144 -2
235 144 -2
235 143 -2
235 142 -2
235 141 -2
235 139 -2
235 138 -2
235 137 -3
235 136 -2
235 136 -2
234 135 -2
234 135 -2
234 133 -2
234 131 -2
235 129 -2
235 127 -2
235 126 -2
235 125 -2
235 125 -2
235 125 -2
235 124 -2
234 123 -2
234 122 -2
234 120 -2
234 120 -2
235 119 -2
235 119 -2
234 119 -2
234 119 -2
234 119 -2
234 119 -2
234 118 -2
234 117 -2
234 117 -2
234 117 -2
234 117 -2
233 116 -2
233 116 -2
233 116 -2
233 116 -2
232 115 -2
232 115 -2
232 115 -2
232 115 -2
231 115 -2
231 115 -2
230 115 -2
230 115 -2
230 116 -2
230 116 -2
230 116 -2
230 116 -3
230 116 -2
229 117 -2
229 118 -2
228 119 -2
228 119 -2
228 120 -2
228 120 -2
228 120 -2
228 120 -2
227 121 -2
227 122 -2
227 123 -2
227 124 -1
227 125 -2
228 126 -1
228 127 -1
228 128 -1
228 129 -1
228 130 -1
228 131 -1
228 131 -1
228 131 -2
227 131 -2
226 131 -2
224 131 -2
223 131 -1
222 131 -2
221 132 -2
219 132 -2
219 132 -2
218 132 -2
216 132 -2
216 132 -2
215 132 -2
214 132 -2
213 133 -2
212 133 -2
211 133 -2
210 133 -2
209 133 -2
208 134 -1
207 134 -1
206 134 -2
205 134 -2
204 134 -2
203 135 -2
202 135 -2
201 136 -2
200 135 -1
199 136 -2
198 136 -2
199 135 -2
198 135 -2
198 135 -2
198 134 -2
198 133 -2
198 132 -2
198 131 -2
198 131 -2
198 130 -2
199 130 -2
199 130 -2
199 129 -2
199 129 -2
199 128 -2
199 127 -2
199 127 -2
199 127 -2
198 127 -2
198 126 -2
198 127 -2
197 126 -2
197 126 -2
197 126 -2
197 126 -2
197 126 -2
196 125 -2
196 125 -2
196 126 -2
196 126 -2
195 126 -2
195 126 -2
195 127 -2
194 127 -2
194 127 -2
194 128 -2
194 128 -2
193 128 -2
193 129 -2
193 129 -2
193 130 -1
193 131 -1
192 131 -1
193 131 -1
193 132 -1
193 133 -1
193 134 -1
193 135 -1
193 137 -1
193 137 -2
193 138 -1
193 139 -1
193 140 -2
193 141 -2
193 143 -1
193 143 -2
193 144 -2
193 145 -2
193 144 -2
193 144 -2
193 144 -1
193 144 0
193 145 0
193 145 2
194 145 3
194 145 3
193 145 3
193 145 3
193 147 3
193 148 3
193 150 3
193 151 2
193 152 2
193 153 3
193 154 2
193 155 3
193 156 2
193 157 2
193 158 2
193 159 2
193 160 2
193 161 2
193 162 3
193 163 2
193 164 2
193 165 2
193 166 2
193 167 2
193 168 2
193 169 2
193 170 2
193 171 2
193 172 2
193 173 2
193 174 2
193 175 2
193 176 2
193 177 2
193 177 2
193 178 2
193 180 2
193 181 2
193 182 2
193 183 2
194 184 3
193 185 2
194 185 2
193 186 2
193 187 1
193 188 2
193 189 2
193 190 2
193 190 2
193 190 1
192 189 0
192 189 -2
193 190 -2
193 190 -2
193 190 -2
194 190 -2
195 190 -2
196 190 -2
197 190 -2
198 190 -2
200 189 -1
201 189 -1
202 188 -1
203 188 -2
204 188 -2
205 188 -2
205 188 -2
207 187 -2
208 187 -2
209 186 -2
210 185 -2
211 185 -2
212 185 -2
213 185 -2
214 185 -2
215 184 -2
216 184 -2
217 184 -2
218 184 -2
219 184 -2
220 184 -1
221 184 -2
222 183 -1
223 183 -2
224 183 -2
224 183 -2
226 183 -2
226 183 -2
228 182 -2
229 182 -2
229 182 -2
229 182 -2
229 182 -2
230 182 -2
230 182 -2
230 182 -2
230 182 -1
230 182 -2
230 183 -2
230 184 -1
230 184 -2
231 184 -1
231 185 -2
231 185 -2
231 185 -2
231 185 -1
231 185 -2
232 186 -1
232 186 -2
232 186 -2
232 186 -2
233 186 -2
233 187 -2
232 187 -2
233 187 -1
233 187 -2
233 187 -2
233 186 -2
233 186 -2
233 187 -2
234 186 -2
233 186 -2
234 186 -2
234 185 -2
234 186 -2
234 185 -2
234 185 -2
234 185 -2
234 184 -2
234 183 -2
234 183 -2
234 182 -2
234 180 -2
235 178 -2
235 177 -2
235 176 -2
235 176 -2
234 174 -2
234 173 -2
235 172 -3
235 172 -2
234 172 -2
234 172 -2
234 172 -2
234 172 -2
234 172 -2
234 172 -2
234 172 -2
234 172 -2
234 172 -2
234 172 -2
234 172 -2
234 171 -2
234 171 -2
234 171 -2
234 170 -2
234 170 -2
234 170 -2
234 169 -2
235 169 -2
235 168 -2
235 168 -2
235 167 -2
235 167 -2
236 166 -2
235 166 -2
235 166 -2
236 166 -2
236 165 -2
236 164 -2
236 164 -2
236 164 -2
236 163 -2
236 163 -2
236 162 -2
236 162 -2
236 162 -2
236 162 -2
236 161 -2
236 161 -2
236 160 -2
236 159 -2
236 159 -2
236 159 -2
236 159 -2
236 158 -2
235 158 -2
235 158 -2
235 157 -3
235 157 -2
235 157 -3
235 157 -3
234 156 -2
234 156 -2
234 156 -2
234 155 -2
234 155 -2
234 155 -2
233 154 -2
234 154 -2
233 154 -2
233 153 -2
233 153 -2
233 153 -2
232 153 -1
232 153 -2
232 152 -2
231 152 -2
231 152 -2
231 152 -2
231 151 -2
231 151 -2
230 151 -2
230 151 -2
230 151 -2
229 151 -1
229 150 -2
229 150 -2
229 150 -1
228 150 -2
228 149 -2
228 149 -2
227 149 -2
227 149 -2
227 149 -2
226 149 -2
226 149 -2
226 149 -2
225 149 -2
225 149 -2
225 149 -2
224 149 -2
224 149 -2
223 149 -2
223 149 -2
223 149 -2
223 149 -2
222 149 -2
222 149 -2
221 150 -2
220 150 -2
220 150 -2
220 150 -2
220 150 -2
219 150 -2
219 151 -2
219 151 -2
218 151 -2
218 151 -2
217 151 -2
217 152 -2
217 152 -2
216 152 -2
216 152 -1
216 152 -2
216 152 -2
216 152 -2
215 153 -2
215 153 -2
214 153 -2
214 153 -2
214 153 -2
214 153 -2
213 154 -2
213 154 -2
212 154 -2
212 155 -1
212 155 -2
212 155 -2
212 155 -2
211 155 -2
211 156 -2
211 156 -2
211 156 -2
210 156 -2
210 157 -2
210 157 -2
210 157 -2
210 157 -2
209 157 -2
209 158 -2
209 159 -2
208 159 -2
208 159 -2
208 160 -2
208 160 -2
208 159 -2
208 159 -2
207 160 -2
207 160 -2
206 161 -2
206 162 -2
206 162 -2
206 162 -2
206 163 -2
206 163 -1
206 163 -1
205 164 -1
205 164 -1
205 165 -1
205 165 -1
205 165 -1
205 165 -1
205 166 -1
205 166 -1
205 166 -1
206 166 -1
206 167 -1
206 167 -1
205 168 -1
205 168 -1
205 169 -1
205 169 -1
205 169 -2
205 169 -2
205 170 -2
205 170 -1
205 171 -1
206 171 -2
206 172 -2
206 173 -2
207 174 -2
207 175 -2
207 176 -2
207 177 -2
207 178 -2
208 179 -2
208 180 -1
209 181 -1
208 181 -1
207 181 -2
207 181 -2
206 181 -2
204 181 -2
203 181 -2
202 182 -2
201 182 -2
200 182 -2
200 181 -2
199 181 -2
199 181 -2
198 181 -2
199 181 -2
198 180 -2
199 180 -2
198 180 -2
198 180 -2
198 179 -2
198 179 -2
198 178 -2
198 178 -2
198 178 -1
197 177 -2
197 177 -2
197 177 -2
197 177 -2
197 177 -2
197 177 -2
197 176 -2
196 176 -2
196 176 -2
196 176 -2
196 176 -2
196 176 -2
195 176 -2
196 176 -2
195 176 -2
195 176 -2
195 177 -2
195 177 -2
194 177 -2
194 178 -2
194 178 -2
193 179 -2
193 179 -2
192 180 -2
192 181 -1
192 181 -2
192 181 -2
193 182 -2
193 183 -2
193 185 -2
194 185 -2
193 186 -2
193 187 -2
193 189 -1
193 190 -2
193 190 -2
193 190 -2
193 190 -1
193 190 -1
193 190 -1
193 190 0
193 190 0
193 190 1
193 190 1
193 189 1
194 189 1
195 188 1
195 187 1
197 185 1
198 185 2
199 185 2
200 185 3
201 184 4
202 184 4
203 183 4
204 182 3
205 182 3
206 181 3
206 180 3
207 180 3
208 179 3
209 179 3
210 178 3
211 177 3
212 177 3
213 177 3
213 176 2
214 175 2
215 175 2
215 174 2
216 174 2
217 173 2
218 173 3
219 172 2
220 171 2
221 171 2
222 170 2
222 170 2
223 169 2
224 169 2
225 168 2
225 168 2
226 167 2
227 166 2
228 166 2
229 165 2
230 164 2
230 164 2
230 165 2
230 165 1
230 164 0
229 164 -2
230 164 -1
230 165 -1
230 164 -2
230 165 -2
231 165 -1
230 166 -1
230 166 -2
230 166 -2
230 167 -2
230 167 -1
230 167 -2
230 168 -1
230 168 -1
230 169 -1
230 169 -1
229 170 -1
229 170 -1
229 170 -2
229 171 -1
229 171 -1
229 171 -1
228 171 -2
228 172 -1
228 172 -1
228 173 -1
227 174 -1
227 174 -1
227 174 -1
227 174 -1
226 174 -1
227 174 -1
226 175 -1
226 175 -1
226 175 -2
225 176 -2
225 176 -2
225 176 -2
224 176 -2
224 176 -2
223 176 -2
223 176 -2
222 177 -2
222 176 -2
221 177 -2
221 177 -2
221 177 -2
221 177 -2
220 177 -2
220 177 -2
220 177 -2
219 177 -2
219 177 -2
218 177 -2
218 177 -2
217 177 -2
217 177 -2
217 177 -2
216 177 -2
216 176 -2
216 177 -2
215 177 -2
215 176 -2
215 176 -2
214 176 -2
214 176 -2
214 176 -2
214 176 -2
213 175 -2
213 175 -2
213 175 -2
212 175 -2
212 175 -2
212 174 -2
212 174 -2
212 174 -2
212 174 -2
211 173 -2
211 173 -2
211 173 -2
211 172 -3
211 172 -2
210 172 -2
210 171 -2
210 171 -2
210 171 -2
210 170 -2
210 170 -2
210 170 -2
210 169 -2
210 169 -2
211 168 -2
211 168 -2
211 168 -2
211 167 -2
211 167 -2
211 166 -2
211 166 -2
211 166 -2
211 165 -2
211 165 -2
212 165 -2
212 164 -2
212 164 -2
213 163 -2
213 163 -2
213 163 -2
213 163 -2
213 162 -2
213 162 -2
213 162 -2
214 161 -2
214 161 -2
214 161 -2
214 160 -2
215 160 -2
215 160 -2
215 160 -2
216 159 -2
218 158 -1
219 157 -1
220 156 -2
221 156 -2
222 156 -2
222 156 -2
223 156 -2
224 156 -1
224 156 -2
224 156 -2
225 157 -2
225 157 -2
226 157 -2
226 157 -1
226 157 -2
226 157 -2
227 158 -1
227 158 -1
227 158 -1
228 158 -1
228 158 -2
228 158 -2
228 158 -2
228 159 -2
229 159 -2
229 159 -2
229 159 -2
229 160 -2
230 160 -2
230 160 -2
230 160 -2
230 161 -2
230 161 -2
230 161 -2
230 162 -2
230 162 -2
230 162 -2
230 163 -2
230 163 -2
230 164 -1
230 165 -1
230 164 -2
230 164 -1
230 164 -2
229 165 -1
229 165 -1
229 165 0
229 165 0
228 165 0
228 164 2
227 164 3
227 164 4
225 163 4
224 161 3
224 160 3
223 159 3
223 158 4
223 158 5
223 157 6
222 156 6
221 155 5
220 154 4
220 153 4
219 152 5
219 151 6
219 151 8
219 150 8
218 149 8
217 148 7
216 147 7
216 146 7
216 145 8
215 145 9
215 144 9
214 143 9
213 142 9
213 142 9
212 141 10
212 140 10
212 139 11
211 139 11
210 138 11
210 137 11
209 136 11
208 135 12
208 135 12
208 134 12
207 133 12
207 132 12
206 131 13
206 131 13
205 130 13
204 129 13
203 128 14
203 127 14
203 127 14
203 126 15
201 125 15
201 124 15
200 124 15
200 123 15
199 122 16
199 121 16
199 120 16
198 119 16
197 118 16
197 118 17
196 117 18
196 116 18
195 116 18
194 115 18
194 114 18
193 113 18
193 112 19
192 111 19
192 111 19
191 110 20
190 109 19
190 108 20
189 107 20
189 107 20
188 106 21
188 106 21
188 105 22
187 104 22
186 103 21
186 102 22
185 101 22
184 101 22
184 100 23
183 99 22
183 98 23
182 97 23
182 97 24
181 96 24
181 95 24
180 94 24
179 93 24
179 93 25
179 92 25
178 91 26
177 90 26
177 89 26
176 89 26
176 87 26
175 87 27
175 86 27
174 85 27
173 84 27
172 84 27
172 83 27
172 82 28
172 82 29
171 80 28
170 80 29
170 79 29
169 78 29
169 77 30
168 77 30
168 76 30
167 75 30
166 75 30
166 74 31
165 73 31
165 72 31
164 71 31
163 70 31
163 70 32
162 69 32
162 68 32
161 67 32
161 66 33
160 66 33
159 65 33
159 64 34
159 63 34
158 62 34
158 62 34
157 61 34
156 60 35
156 59 35
155 58 35
155 58 35
154 57 36
154 56 36
153 55 36
152 54 36
152 54 37
151 53 37
151 52 37
151 51 38
150 50 38
149 50 38
149 49 38
148 48 38
148 47 39
147 46 39
147 46 39
146 45 39
146 44 40
145 43 40
145 43 40
144 42 40
143 41 41
142 40 41
142 40 41
141 39 41
141 38 41
140 37 42
140 36 42
139 35 42
139 35 42
138 34 43
137 33 43
137 32 43
136 32 43
136 31 44
135 30 44
135 29 44
134 28 44
134 28 45
134 27 45
133 26 45
132 25 45
132 25 46
131 24 46
130 23 46
130 22 46
130 21 47
129 21 47
128 20 47
128 19 48
127 18 48
127 17 48
126 17 48
126 16 48
125 15 49
124 14 49
124 13 49
124 12 49
123 12 50
123 11 50
123 10 51
123 9 51
123 9 52
123 8 52
124 7 53
124 6 54
124 6 54
124 5 55
124 4 55
124 3 56
124 2 56
124 2 57
124 1 57
124 0 58
