115 0 54
115 0 54
115 0 53
116 -1 53
116 -2 53
117 -3 52
117 -4 52
118 -4 52
118 -5 52
119 -6 51
119 -7 51
120 -8 51
120 -8 51
121 -9 50
121 -10 50
122 -11 50
122 -12 50
123 -12 49
123 -13 49
124 -14 49
124 -15 49
125 -16 48
125 -16 48
126 -17 48
126 -18 48
127 -19 47
128 -20 47
128 -21 47
129 -21 47
129 -22 46
130 -23 46
130 -24 46
131 -25 46
131 -25 45
132 -26 45
132 -27 45
133 -28 45
133 -29 44
134 -29 44
134 -30 44
135 -31 44
135 -32 43
136 -33 43
136 -33 43
137 -34 43
137 -35 42
138 -36 42
138 -37 42
139 -37 42
140 -38 41
140 -39 41
141 -40 41
141 -41 40
142 -42 40
142 -42 40
143 -43 40
143 -44 39
144 -45 39
144 -46 39
145 -46 39
145 -47 38
146 -48 38
146 -49 38
147 -50 38
147 -50 37
148 -51 37
148 -52 37
149 -53 37
149 -54 36
150 -54 36
150 -55 36
151 -56 36
152 -57 35
152 -58 35
153 -59 35
153 -59 35
154 -60 34
154 -61 34
155 -62 34
155 -63 34
156 -63 33
156 -64 33
157 -65 33
157 -66 33
158 -67 32
158 -67 32
159 -68 32
159 -69 32
160 -70 31
160 -71 31
161 -71 31
161 -72 31
162 -73 30
162 -74 30
163 -75 30
164 -75 30
164 -76 29
165 -77 29
165 -78 29
166 -79 29
166 -80 28
167 -80 28
167 -81 28
168 -82 27
168 -83 27
169 -84 27
169 -84 27
170 -85 26
170 -86 26
171 -87 26
171 -88 26
172 -88 25
172 -89 25
173 -90 25
173 -91 25
174 -92 24
174 -92 24
175 -93 24
176 -94 24
176 -95 23
177 -96 23
177 -97 23
178 -97 23
178 -98 22
179 -99 22
179 -100 22
180 -101 22
180 -101 21
181 -102 21
181 -103 21
182 -104 21
182 -105 20
183 -105 20
183 -106 20
184 -107 20
184 -108 19
185 -109 19
185 -109 19
186 -110 19
186 -111 18
187 -112 18
188 -113 18
188 -113 18
189 -114 17
189 -115 17
190 -116 17
190 -117 17
191 -118 16
191 -118 16
192 -119 16
192 -120 16
193 -121 15
193 -122 15
194 -122 15
194 -123 14
195 -124 14
195 -125 14
196 -126 14
196 -126 13
197 -127 13
197 -128 13
198 -129 13
198 -130 12
199 -130 12
200 -131 12
200 -132 12
201 -133 11
201 -134 11
202 -135 11
202 -135 11
203 -136 10
203 -137 10
204 -138 10
204 -139 10
205 -139 9
205 -140 9
206 -141 9
206 -142 9
207 -143 8
207 -143 8
208 -144 8
208 -145 8
209 -146 7
209 -147 7
210 -147 7
210 -148 7
211 -149 6
212 -150 6
212 -151 6
213 -151 6
213 -152 5
214 -153 5
214 -154 5
215 -155 5
215 -156 4
216 -156 4
216 -157 4
217 -158 4
217 -159 3
218 -160 3
218 -160 3
219 -161 3
219 -161 3
219 -161 2
219 -161 1
219 -161 0
219 -161 -1
219 -161 -2
219 -161 -2
219 -162 -2
219 -163 -2
219 -164 -2
219 -165 -2
219 -166 -2
219 -167 -2
219 -168 -2
219 -169 -2
219 -170 -2
219 -171 -2
219 -172 -2
219 -172 -2
219 -173 -2
219 -174 -2
219 -175 -2
219 -175 -2
220 -175 -2
221 -176 -2
222 -176 -2
223 -176 -2
224 -176 -2
225 -176 -2
226 -177 -2
226 -177 -2
227 -177 -2
228 -177 -2
228 -177 -2
228 -177 -2
228 -176 -2
228 -176 -2
228 -176 -2
228 -175 -2
228 -175 -2
228 -175 -2
229 -174 -2
229 -174 -2
229 -174 -2
229 -173 -2
229 -173 -2
229 -173 -2
230 -173 -2
230 -173 -2
230 -173 -2
231 -173 -2
231 -173 -2
231 -173 -2
232 -173 -2
232 -173 -2
232 -173 -2
233 -173 -2
233 -173 -2
233 -173 -2
234 -174 -2
234 -174 -2
234 -174 -2
234 -174 -2
234 -174 -2
234 -175 -2
235 -175 -2
235 -175 -2
235 -176 -2
235 -176 -2
235 -176 -2
235 -177 -2
235 -177 -2
235 -177 -2
235 -178 -2
235 -179 -2
235 -180 -2
235 -181 -2
235 -182 -2
235 -183 -2
235 -184 -2
235 -185 -2
235 -186 -2
235 -186 -2
235 -186 -2
235 -187 -2
235 -187 -2
235 -187 -2
235 -188 -2
235 -188 -2
235 -188 -2
234 -189 -2
234 -189 -2
234 -189 -2
233 -189 -2
233 -189 -2
233 -189 -2
233 -189 -2
233 -189 -2
232 -189 -2
232 -189 -2
232 -189 -2
231 -189 -2
231 -189 -2
231 -189 -2
230 -189 -2
230 -188 -2
230 -188 -2
229 -188 -2
229 -188 -2
229 -188 -2
229 -187 -2
229 -187 -2
229 -187 -2
229 -186 -2
228 -186 -2
228 -186 -2
228 -185 -2
228 -185 -2
228 -185 -2
227 -185 -2
226 -184 -2
226 -184 -2
225 -184 -2
224 -184 -2
223 -183 -2
222 -183 -2
221 -183 -2
220 -183 -2
219 -182 -2
218 -182 -2
217 -182 -2
216 -182 -2
215 -181 -2
214 -181 -2
213 -181 -2
212 -181 -2
211 -181 -2
210 -180 -2
209 -180 -2
208 -180 -2
207 -180 -2
206 -179 -2
205 -179 -2
205 -179 -2
204 -179 -2
203 -178 -2
203 -178 -2
203 -179 -2
202 -179 -2
202 -179 -2
202 -180 -2
202 -180 -2
202 -180 -2
202 -181 -2
201 -181 -2
201 -181 -2
201 -181 -2
200 -181 -2
200 -181 -2
200 -181 -2
199 -181 -2
199 -181 -2
199 -181 -2
198 -181 -2
198 -181 -2
198 -181 -2
197 -180 -2
197 -180 -2
197 -180 -2
197 -180 -2
197 -180 -2
197 -179 -2
196 -179 -2
196 -179 -2
196 -178 -2
196 -178 -2
196 -178 -2
196 -177 -2
196 -177 -2
196 -177 -2
196 -176 -2
196 -175 -2
196 -174 -2
196 -173 -2
196 -172 -2
196 -171 -2
196 -170 -2
196 -169 -2
196 -169 -2
196 -169 -2
196 -168 -2
196 -168 -2
196 -168 -2
196 -167 -2
196 -167 -2
196 -167 -2
197 -166 -2
197 -166 -2
197 -166 -2
197 -166 -2
197 -166 -2
198 -166 -2
198 -166 -2
198 -166 -2
199 -166 -2
199 -166 -2
199 -166 -2
200 -166 -2
200 -166 -2
200 -166 -2
201 -166 -2
201 -167 -2
201 -167 -2
202 -167 -2
202 -167 -2
202 -167 -2
202 -168 -2
202 -168 -2
202 -168 -2
202 -169 -2
203 -169 -2
203 -169 -2
203 -170 -2
203 -170 -2
203 -170 -2
203 -171 -2
203 -172 -2
203 -172 -2
204 -172 -2
205 -172 -2
205 -172 -2
206 -173 -2
207 -173 -2
208 -173 -2
209 -173 -2
210 -173 -2
211 -174 -2
212 -174 -2
212 -174 -2
212 -173 -2
212 -172 -2
212 -171 -2
212 -170 -2
212 -169 -2
212 -168 -2
212 -167 -2
212 -166 -2
212 -165 -2
212 -164 -2
212 -164 -2
212 -163 -2
212 -162 -2
212 -161 -2
212 -160 -2
212 -160 -2
211 -160 -2
210 -159 -2
209 -159 -2
208 -159 -2
207 -159 -2
206 -159 -2
205 -158 -2
205 -158 -2
204 -158 -2
203 -158 -2
203 -158 -2
203 -158 -2
203 -159 -2
203 -159 -2
203 -159 -2
203 -160 -2
203 -160 -2
202 -160 -2
202 -161 -2
202 -161 -2
202 -161 -2
202 -162 -2
202 -162 -2
202 -162 -2
201 -162 -2
201 -162 -2
201 -162 -2
200 -163 -2
200 -163 -2
200 -162 -2
199 -162 -2
199 -162 -2
199 -162 -2
198 -162 -2
198 -162 -2
198 -162 -2
197 -161 -2
197 -161 -2
197 -161 -2
197 -161 -2
197 -161 -2
196 -160 -2
196 -160 -2
196 -160 -2
196 -159 -2
196 -159 -2
196 -159 -2
196 -158 -2
196 -158 -2
196 -158 -2
196 -157 -2
196 -156 -2
196 -155 -2
196 -154 -2
196 -153 -2
196 -152 -2
196 -152 -2
196 -151 -2
196 -151 -2
196 -150 -2
196 -150 -2
196 -150 -2
196 -149 -2
196 -149 -2
196 -149 -2
196 -148 -2
197 -148 -2
197 -148 -2
197 -147 -2
197 -147 -2
197 -147 -2
198 -147 -2
198 -147 -2
198 -147 -2
199 -147 -2
199 -147 -2
199 -147 -2
200 -147 -2
200 -147 -2
200 -147 -2
201 -148 -2
201 -148 -2
201 -148 -2
202 -148 -2
202 -149 -2
202 -149 -2
202 -149 -2
202 -150 -2
202 -150 -2
202 -150 -2
203 -151 -2
203 -151 -2
203 -151 -2
204 -151 -2
205 -151 -2
206 -151 -2
207 -152 -2
208 -152 -2
209 -152 -2
210 -152 -2
211 -153 -2
212 -153 -2
213 -153 -2
214 -153 -2
215 -154 -2
216 -154 -2
217 -154 -2
218 -154 -2
219 -154 -2
220 -155 -2
221 -155 -2
222 -155 -2
223 -155 -2
224 -156 -2
225 -156 -2
226 -156 -2
226 -156 -2
227 -156 -2
228 -157 -2
228 -157 -2
228 -156 -2
228 -156 -2
228 -156 -2
228 -155 -2
228 -155 -2
228 -155 -2
229 -154 -2
229 -154 -2
229 -154 -2
229 -153 -2
229 -153 -2
229 -153 -2
230 -153 -2
230 -152 -2
230 -152 -2
231 -152 -2
231 -152 -2
231 -152 -2
232 -153 -2
232 -153 -2
232 -153 -2
233 -153 -2
233 -153 -2
233 -153 -2
234 -154 -2
234 -154 -2
234 -154 -2
234 -154 -2
235 -155 -2
235 -155 -2
235 -155 -2
235 -156 -2
235 -156 -2
235 -156 -2
235 -157 -2
235 -157 -2
235 -158 -2
235 -159 -2
235 -160 -2
235 -161 -2
235 -162 -2
235 -163 -2
235 -164 -2
235 -165 -2
235 -166 -2
235 -166 -2
235 -166 -2
235 -167 -2
235 -167 -2
235 -167 -2
235 -168 -2
235 -168 -2
235 -168 -2
234 -169 -2
234 -169 -2
234 -169 -2
233 -169 -2
232 -169 -2
232 -169 -2
232 -169 -2
231 -169 -2
231 -169 -2
231 -169 -2
230 -169 -2
230 -169 -2
230 -169 -2
230 -168 -2
230 -168 -2
229 -168 -2
229 -167 -2
229 -167 -2
229 -167 -2
229 -167 -2
229 -167 -2
229 -166 -2
228 -166 -2
228 -166 -2
228 -165 -2
228 -164 -2
228 -164 -2
228 -164 -2
228 -163 -2
228 -163 -2
227 -163 -2
226 -163 -2
226 -163 -2
225 -162 -2
224 -162 -2
223 -162 -2
222 -162 -2
221 -162 -2
220 -161 -2
219 -161 -2
219 -161 -2
219 -161 -1
219 -161 0
219 -161 0
219 -161 1
219 -161 2
219 -161 3
219 -161 3
219 -160 3
219 -159 3
219 -158 3
219 -157 3
219 -156 3
220 -155 3
220 -154 3
220 -153 3
220 -152 3
220 -151 3
220 -150 3
220 -149 3
220 -148 3
220 -147 3
221 -146 3
221 -146 3
221 -145 3
221 -144 3
221 -143 3
221 -142 3
221 -141 3
221 -140 3
221 -139 3
222 -138 3
222 -137 3
222 -136 3
222 -135 3
222 -134 3
222 -133 3
222 -132 3
222 -131 3
222 -130 3
223 -129 3
223 -128 3
223 -127 3
223 -126 3
223 -125 3
223 -124 3
223 -123 3
223 -122 3
223 -121 3
224 -120 3
224 -119 3
224 -119 3
224 -119 2
224 -119 1
224 -119 0
224 -119 -1
224 -119 -2
224 -119 -2
224 -120 -2
224 -121 -2
224 -122 -2
224 -123 -2
224 -124 -2
224 -125 -2
224 -126 -2
224 -127 -2
224 -128 -2
224 -129 -2
224 -130 -2
224 -131 -2
224 -132 -2
224 -133 -2
224 -134 -2
224 -134 -2
224 -135 -2
224 -136 -2
224 -137 -2
224 -138 -2
224 -139 -2
224 -140 -2
224 -141 -2
224 -142 -2
224 -143 -2
224 -144 -2
224 -145 -2
224 -146 -2
224 -146 -2
224 -146 -2
225 -146 -2
225 -146 -2
225 -146 -2
226 -145 -2
226 -145 -2
226 -145 -2
226 -145 -2
226 -145 -2
227 -144 -2
227 -144 -2
227 -144 -2
228 -144 -2
228 -143 -2
228 -143 -2
228 -143 -2
228 -142 -2
228 -142 -2
229 -142 -2
229 -141 -2
229 -141 -2
229 -141 -2
229 -140 -2
229 -140 -2
229 -140 -2
229 -139 -2
229 -139 -2
229 -139 -2
229 -138 -2
229 -138 -2
229 -138 -2
229 -137 -2
229 -137 -2
229 -137 -2
229 -136 -2
229 -136 -2
229 -136 -2
229 -135 -2
229 -135 -2
229 -135 -2
229 -134 -2
229 -134 -2
229 -134 -2
229 -133 -2
229 -133 -2
229 -133 -2
229 -132 -2
229 -132 -2
229 -132 -2
229 -131 -2
229 -131 -2
229 -131 -2
229 -130 -2
229 -130 -2
229 -130 -2
228 -129 -2
228 -129 -2
228 -129 -2
228 -128 -2
228 -128 -2
228 -127 -2
228 -127 -2
228 -127 -2
228 -127 -2
228 -126 -2
228 -126 -2
228 -126 -2
228 -125 -2
228 -125 -2
227 -125 -2
227 -124 -2
227 -124 -2
227 -124 -2
227 -123 -2
227 -123 -2
227 -123 -2
227 -122 -2
227 -122 -2
228 -122 -2
228 -121 -2
228 -121 -2
228 -121 -2
229 -121 -2
229 -121 -2
229 -120 -2
230 -120 -2
230 -120 -2
230 -120 -2
231 -120 -2
231 -120 -2
231 -121 -2
232 -121 -2
232 -121 -2
232 -121 -2
232 -122 -2
232 -122 -2
233 -122 -2
233 -122 -2
233 -122 -2
233 -123 -2
233 -123 -2
233 -123 -2
234 -124 -2
234 -124 -2
234 -124 -2
234 -125 -2
234 -125 -2
234 -125 -2
234 -126 -2
234 -126 -2
234 -126 -2
235 -127 -2
235 -127 -2
235 -127 -2
235 -128 -2
235 -128 -2
235 -128 -2
235 -129 -2
235 -129 -2
235 -129 -2
235 -130 -2
235 -130 -2
235 -130 -2
235 -131 -2
235 -131 -2
235 -131 -2
236 -132 -2
236 -132 -2
236 -132 -2
236 -133 -2
236 -133 -2
236 -133 -2
236 -134 -2
236 -135 -2
236 -135 -2
236 -135 -2
236 -136 -2
236 -136 -2
236 -136 -2
236 -137 -2
236 -137 -2
236 -137 -2
236 -138 -2
236 -138 -2
236 -138 -2
236 -139 -2
236 -139 -2
236 -139 -2
236 -140 -2
236 -140 -2
236 -140 -2
236 -141 -2
236 -141 -2
236 -141 -2
236 -142 -2
236 -142 -2
236 -143 -2
236 -143 -2
236 -143 -2
235 -144 -2
235 -144 -2
235 -144 -2
235 -145 -2
235 -145 -2
235 -145 -2
235 -146 -2
235 -146 -2
235 -146 -2
234 -146 -2
234 -147 -2
234 -147 -2
234 -147 -2
234 -148 -2
234 -148 -2
233 -148 -2
233 -149 -2
233 -149 -2
233 -149 -2
232 -149 -2
232 -149 -2
232 -150 -2
231 -150 -2
231 -150 -2
231 -150 -2
231 -151 -2
231 -151 -2
230 -151 -2
230 -151 -2
230 -151 -2
229 -152 -2
229 -152 -2
229 -152 -2
228 -152 -2
228 -152 -2
228 -152 -2
227 -152 -2
227 -153 -2
227 -153 -2
226 -153 -2
226 -153 -2
226 -153 -2
225 -153 -2
225 -153 -2
225 -153 -2
224 -153 -2
224 -153 -2
224 -153 -2
223 -153 -2
223 -153 -2
223 -153 -2
222 -153 -2
222 -153 -2
222 -153 -2
221 -153 -2
221 -153 -2
221 -153 -2
220 -152 -2
220 -152 -2
220 -152 -2
219 -152 -2
219 -152 -2
219 -152 -2
218 -152 -2
218 -152 -2
218 -152 -2
217 -151 -2
217 -151 -2
217 -151 -2
216 -151 -2
216 -151 -2
216 -151 -2
215 -150 -2
215 -150 -2
215 -150 -2
214 -150 -2
214 -150 -2
214 -150 -2
213 -149 -2
213 -149 -2
213 -149 -2
213 -149 -2
212 -148 -2
212 -148 -2
212 -148 -2
211 -148 -2
211 -148 -2
211 -147 -2
211 -147 -2
211 -147 -2
210 -146 -2
210 -146 -2
210 -146 -2
210 -146 -2
209 -145 -2
209 -145 -2
209 -145 -2
209 -144 -2
209 -144 -2
208 -144 -2
208 -143 -2
208 -143 -2
208 -143 -2
208 -142 -2
208 -142 -2
207 -142 -2
207 -142 -2
207 -142 -2
207 -141 -2
207 -141 -2
207 -141 -2
207 -140 -2
206 -140 -2
206 -140 -2
206 -139 -2
206 -139 -2
206 -139 -2
206 -138 -2
206 -138 -2
206 -138 -2
206 -137 -2
205 -137 -2
205 -137 -2
205 -136 -2
205 -136 -2
205 -136 -2
205 -135 -2
205 -134 -2
205 -134 -2
205 -134 -2
205 -133 -2
205 -133 -2
205 -133 -2
205 -132 -2
205 -132 -2
205 -132 -2
205 -131 -2
205 -131 -2
205 -131 -2
205 -130 -2
205 -130 -2
205 -130 -2
205 -129 -2
205 -129 -2
205 -129 -2
205 -128 -2
205 -128 -2
205 -128 -2
206 -127 -2
206 -127 -2
206 -127 -2
206 -126 -2
206 -126 -2
206 -126 -2
206 -125 -2
206 -125 -2
207 -125 -2
207 -124 -2
207 -124 -2
207 -124 -2
207 -123 -2
207 -123 -2
208 -123 -2
208 -123 -2
208 -123 -2
208 -122 -2
209 -122 -2
209 -122 -2
209 -121 -2
209 -121 -2
209 -121 -2
210 -121 -2
210 -120 -2
210 -120 -2
210 -120 -2
211 -120 -2
211 -120 -2
211 -120 -2
212 -119 -2
212 -119 -2
212 -119 -2
213 -119 -2
213 -119 -2
213 -119 -2
214 -119 -2
214 -119 -2
214 -118 -2
215 -118 -2
215 -118 -2
215 -118 -2
216 -118 -2
216 -118 -2
216 -118 -2
217 -118 -2
217 -118 -2
217 -118 -2
218 -118 -2
218 -118 -2
218 -118 -2
219 -118 -2
219 -118 -2
219 -118 -2
220 -118 -2
220 -118 -2
221 -118 -2
222 -119 -2
223 -119 -2
224 -119 -2
224 -119 -2
224 -119 -1
224 -119 0
224 -119 0
224 -119 1
224 -119 2
224 -119 3
224 -119 3
223 -120 3
222 -120 3
222 -121 3
221 -122 3
220 -122 3
219 -123 3
219 -124 3
218 -124 3
217 -125 3
217 -125 3
217 -125 2
217 -125 1
217 -125 0
217 -125 -1
217 -125 -2
217 -125 -2
217 -125 -2
216 -125 -2
216 -125 -2
216 -126 -2
215 -126 -2
215 -126 -2
215 -126 -2
214 -126 -2
214 -126 -2
214 -127 -2
214 -127 -2
214 -127 -2
213 -127 -2
213 -128 -2
213 -128 -2
213 -128 -2
212 -129 -2
212 -129 -2
212 -129 -2
212 -130 -2
212 -130 -2
212 -130 -2
212 -131 -2
212 -131 -2
212 -131 -2
212 -132 -2
212 -132 -2
212 -132 -2
212 -133 -2
212 -133 -2
212 -134 -2
212 -134 -2
212 -135 -2
212 -136 -2
212 -137 -2
213 -138 -2
213 -139 -2
213 -140 -2
213 -140 -2
213 -140 -2
213 -141 -2
213 -141 -2
214 -141 -2
214 -141 -2
214 -141 -2
214 -142 -2
215 -142 -2
215 -142 -2
215 -143 -2
215 -143 -2
215 -143 -2
216 -143 -2
216 -144 -2
216 -144 -2
216 -144 -2
217 -144 -2
217 -144 -2
217 -143 -2
217 -142 -2
217 -141 -2
217 -140 -2
217 -139 -2
217 -138 -2
217 -138 -2
217 -137 -2
217 -136 -2
217 -135 -2
217 -134 -2
217 -133 -2
217 -132 -2
217 -131 -2
217 -130 -2
217 -129 -2
217 -128 -2
217 -127 -2
217 -126 -2
217 -125 -2
217 -125 -2
217 -125 -1
217 -125 0
217 -125 1
217 -125 2
217 -125 3
217 -125 3
217 -124 3
216 -123 3
215 -123 3
215 -122 3
214 -121 3
214 -120 3
213 -119 3
212 -119 3
212 -118 3
211 -117 3
211 -116 3
210 -115 3
210 -114 3
209 -114 3
208 -113 3
208 -112 3
207 -111 3
207 -110 3
206 -110 3
205 -109 3
205 -108 3
204 -107 3
204 -106 3
203 -106 3
203 -105 3
202 -104 3
201 -103 3
201 -102 3
200 -102 3
200 -101 3
199 -100 3
199 -99 3
198 -98 3
197 -98 3
197 -97 3
196 -96 3
196 -95 3
195 -94 3
194 -94 3
194 -93 3
193 -92 3
193 -92 3
193 -92 2
193 -92 1
193 -92 0
193 -92 -1
193 -92 -2
193 -92 -2
194 -92 -2
195 -92 -2
196 -93 -2
197 -93 -2
198 -93 -2
199 -93 -2
200 -93 -2
201 -94 -2
202 -94 -2
203 -94 -2
204 -94 -2
205 -94 -2
206 -95 -2
207 -95 -2
208 -95 -2
209 -95 -2
210 -96 -2
211 -96 -2
212 -96 -2
213 -96 -2
214 -96 -2
215 -97 -2
216 -97 -2
217 -97 -2
218 -97 -2
219 -97 -2
220 -98 -2
221 -98 -2
222 -98 -2
223 -98 -2
223 -98 -2
224 -99 -2
225 -99 -2
226 -99 -2
227 -99 -2
228 -99 -2
228 -99 -2
228 -98 -2
228 -97 -2
228 -96 -2
228 -95 -2
228 -94 -2
228 -93 -2
228 -93 -2
228 -92 -2
228 -92 -2
228 -91 -2
228 -91 -2
228 -91 -2
228 -90 -2
229 -90 -2
229 -90 -2
229 -89 -2
229 -89 -2
229 -89 -2
229 -88 -2
230 -88 -2
230 -88 -2
230 -88 -2
231 -88 -2
231 -88 -2
231 -88 -2
232 -88 -2
232 -88 -2
232 -88 -2
233 -88 -2
233 -88 -2
233 -89 -2
234 -89 -2
234 -89 -2
234 -89 -2
234 -90 -2
234 -90 -2
234 -90 -2
235 -91 -2
235 -91 -2
235 -91 -2
235 -92 -2
235 -92 -2
235 -92 -2
235 -93 -2
235 -93 -2
235 -94 -2
235 -95 -2
235 -96 -2
235 -96 -2
235 -97 -2
235 -98 -2
235 -99 -2
235 -100 -2
235 -101 -2
235 -102 -2
235 -103 -2
235 -104 -2
235 -105 -2
235 -106 -2
235 -107 -2
235 -108 -2
235 -109 -2
235 -110 -2
235 -111 -2
235 -112 -2
235 -113 -2
235 -114 -2
235 -115 -2
235 -115 -2
235 -116 -2
235 -116 -2
235 -116 -2
235 -117 -2
235 -117 -2
235 -117 -2
235 -118 -2
234 -118 -2
234 -118 -2
234 -119 -2
233 -119 -2
233 -119 -2
233 -119 -2
233 -119 -2
233 -119 -2
232 -119 -2
232 -119 -2
232 -119 -2
231 -119 -2
231 -119 -2
231 -119 -2
230 -118 -2
230 -118 -2
230 -118 -2
229 -118 -2
229 -117 -2
229 -117 -2
229 -117 -2
229 -116 -2
229 -116 -2
229 -116 -2
228 -115 -2
228 -115 -2
228 -115 -2
228 -114 -2
228 -114 -2
228 -113 -2
228 -113 -2
228 -112 -2
228 -111 -2
228 -110 -2
228 -109 -2
228 -108 -2
228 -107 -2
228 -106 -2
228 -106 -2
227 -106 -2
226 -106 -2
226 -105 -2
225 -105 -2
224 -105 -2
223 -105 -2
222 -105 -2
221 -104 -2
220 -104 -2
219 -104 -2
218 -104 -2
217 -104 -2
216 -103 -2
215 -103 -2
214 -103 -2
213 -103 -2
212 -103 -2
211 -102 -2
210 -102 -2
209 -102 -2
208 -102 -2
207 -102 -2
207 -101 -2
206 -101 -2
205 -101 -2
204 -101 -2
203 -101 -2
202 -100 -2
201 -100 -2
200 -100 -2
200 -100 -2
200 -101 -2
200 -102 -2
200 -103 -2
200 -103 -2
200 -104 -2
200 -105 -2
200 -105 -2
200 -106 -2
200 -106 -2
200 -106 -2
200 -107 -2
200 -107 -2
200 -107 -2
199 -108 -2
199 -108 -2
199 -108 -2
199 -108 -2
198 -109 -2
198 -109 -2
198 -109 -2
197 -109 -2
197 -109 -2
197 -109 -2
196 -109 -2
196 -109 -2
196 -109 -2
195 -109 -2
195 -109 -2
195 -108 -2
195 -108 -2
195 -108 -2
194 -108 -2
194 -107 -2
194 -107 -2
194 -107 -2
194 -106 -2
194 -106 -2
193 -106 -2
193 -105 -2
193 -105 -2
193 -105 -2
193 -104 -2
193 -104 -2
193 -103 -2
193 -102 -2
193 -101 -2
193 -100 -2
193 -100 -2
193 -99 -2
193 -98 -2
193 -97 -2
193 -96 -2
193 -95 -2
193 -94 -2
193 -93 -2
193 -92 -2
193 -92 -2
193 -92 -1
193 -92 0
193 -92 0
193 -92 1
193 -92 2
193 -92 3
193 -92 3
193 -91 3
193 -90 3
193 -89 3
193 -88 3
193 -87 3
193 -86 3
193 -85 3
193 -84 3
193 -83 3
193 -82 3
193 -81 3
193 -80 3
193 -79 3
193 -78 3
193 -77 3
193 -76 3
193 -75 3
193 -74 3
193 -73 3
193 -72 3
193 -71 3
193 -70 3
193 -69 3
193 -68 3
193 -67 3
193 -66 3
193 -65 3
193 -64 3
193 -63 3
193 -62 3
193 -61 3
193 -60 3
193 -59 3
193 -58 3
193 -58 3
193 -58 2
193 -58 1
193 -58 0
193 -58 -1
193 -58 -2
193 -58 -2
194 -58 -2
195 -59 -2
196 -59 -2
197 -59 -2
198 -59 -2
199 -59 -2
200 -60 -2
201 -60 -2
202 -60 -2
203 -60 -2
204 -60 -2
205 -61 -2
206 -61 -2
207 -61 -2
208 -61 -2
209 -61 -2
210 -62 -2
211 -62 -2
212 -62 -2
213 -62 -2
214 -63 -2
215 -63 -2
216 -63 -2
217 -63 -2
218 -63 -2
219 -64 -2
220 -64 -2
221 -64 -2
222 -64 -2
223 -64 -2
223 -65 -2
224 -65 -2
225 -65 -2
226 -65 -2
227 -65 -2
228 -66 -2
228 -66 -2
228 -65 -2
228 -64 -2
228 -63 -2
228 -62 -2
228 -61 -2
228 -60 -2
228 -59 -2
228 -58 -2
228 -58 -2
228 -57 -2
228 -57 -2
228 -57 -2
228 -56 -2
229 -56 -2
229 -56 -2
229 -55 -2
229 -55 -2
229 -55 -2
229 -54 -2
230 -54 -2
230 -54 -2
230 -54 -2
231 -54 -2
231 -54 -2
231 -54 -2
232 -54 -2
232 -54 -2
232 -54 -2
233 -54 -2
233 -54 -2
233 -55 -2
234 -55 -2
234 -55 -2
234 -55 -2
234 -56 -2
234 -56 -2
234 -56 -2
235 -57 -2
235 -57 -2
235 -57 -2
235 -58 -2
235 -58 -2
235 -58 -2
235 -59 -2
235 -59 -2
235 -60 -2
235 -61 -2
235 -62 -2
235 -63 -2
235 -64 -2
235 -65 -2
235 -66 -2
235 -67 -2
235 -68 -2
235 -69 -2
235 -70 -2
235 -71 -2
235 -72 -2
235 -73 -2
235 -74 -2
235 -75 -2
235 -76 -2
235 -77 -2
235 -78 -2
235 -79 -2
235 -80 -2
235 -81 -2
235 -82 -2
235 -82 -2
235 -82 -2
235 -83 -2
235 -83 -2
235 -83 -2
235 -84 -2
235 -84 -2
235 -84 -2
234 -84 -2
234 -84 -2
234 -85 -2
233 -85 -2
233 -85 -2
233 -85 -2
233 -85 -2
233 -85 -2
232 -85 -2
232 -85 -2
232 -85 -2
231 -85 -2
231 -85 -2
231 -85 -2
230 -85 -2
230 -84 -2
230 -84 -2
229 -84 -2
229 -83 -2
229 -83 -2
229 -83 -2
229 -83 -2
229 -83 -2
229 -82 -2
228 -82 -2
228 -82 -2
228 -81 -2
228 -81 -2
228 -81 -2
228 -80 -2
228 -79 -2
228 -78 -2
228 -77 -2
228 -76 -2
228 -75 -2
228 -74 -2
228 -73 -2
228 -72 -2
228 -72 -2
227 -72 -2
226 -72 -2
226 -72 -2
225 -71 -2
224 -71 -2
223 -71 -2
222 -71 -2
221 -71 -2
220 -70 -2
219 -70 -2
218 -70 -2
217 -70 -2
216 -70 -2
215 -69 -2
214 -69 -2
213 -69 -2
212 -69 -2
211 -69 -2
210 -68 -2
209 -68 -2
208 -68 -2
207 -68 -2
207 -68 -2
206 -67 -2
205 -67 -2
204 -67 -2
203 -67 -2
202 -67 -2
201 -66 -2
200 -66 -2
200 -66 -2
200 -67 -2
200 -68 -2
200 -69 -2
200 -70 -2
200 -71 -2
200 -71 -2
200 -71 -2
200 -72 -2
200 -72 -2
200 -72 -2
200 -73 -2
200 -73 -2
200 -73 -2
199 -74 -2
199 -74 -2
199 -74 -2
199 -75 -2
198 -75 -2
198 -75 -2
198 -75 -2
197 -75 -2
197 -75 -2
197 -75 -2
196 -75 -2
196 -75 -2
196 -75 -2
195 -75 -2
195 -75 -2
195 -74 -2
195 -74 -2
195 -74 -2
194 -74 -2
194 -73 -2
194 -73 -2
194 -73 -2
194 -72 -2
194 -72 -2
193 -72 -2
193 -71 -2
193 -71 -2
193 -71 -2
193 -70 -2
193 -70 -2
193 -69 -2
193 -69 -2
193 -68 -2
193 -67 -2
193 -66 -2
193 -65 -2
193 -64 -2
193 -63 -2
193 -62 -2
193 -61 -2
193 -60 -2
193 -59 -2
193 -58 -2
193 -58 -2
193 -58 -1
193 -58 0
193 -58 0
193 -58 1
193 -58 2
193 -58 3
193 -58 3
194 -58 3
195 -57 3
196 -57 3
197 -56 3
198 -56 3
199 -55 3
200 -55 3
200 -55 3
201 -54 3
202 -54 3
203 -53 3
204 -53 3
205 -52 3
206 -52 3
207 -51 3
208 -51 3
208 -51 3
209 -50 3
210 -50 3
211 -49 3
212 -49 3
213 -48 3
214 -48 3
215 -47 3
216 -47 3
216 -46 3
217 -46 3
218 -46 3
219 -45 3
220 -45 3
221 -44 3
222 -44 3
223 -43 3
224 -43 3
224 -42 3
225 -42 3
226 -42 3
227 -41 3
228 -41 3
229 -40 3
230 -40 3
231 -39 3
232 -39 3
232 -38 3
233 -38 3
234 -37 3
235 -37 3
236 -37 3
236 -37 3
236 -37 2
236 -37 1
236 -37 0
236 -37 -1
236 -37 -2
236 -37 -2
236 -37 -2
236 -38 -2
236 -38 -2
236 -38 -2
236 -39 -2
236 -39 -2
236 -39 -2
236 -40 -2
236 -40 -2
236 -40 -2
236 -41 -2
236 -41 -2
235 -41 -2
235 -42 -2
235 -42 -2
235 -42 -2
235 -43 -2
235 -43 -2
235 -43 -2
235 -44 -2
235 -44 -2
234 -44 -2
234 -45 -2
234 -45 -2
234 -45 -2
234 -45 -2
234 -45 -2
233 -46 -2
233 -46 -2
233 -46 -2
233 -47 -2
232 -47 -2
232 -47 -2
232 -48 -2
232 -48 -2
232 -48 -2
231 -48 -2
231 -49 -2
231 -49 -2
230 -49 -2
230 -49 -2
230 -49 -2
229 -49 -2
229 -50 -2
229 -50 -2
228 -50 -2
228 -50 -2
228 -50 -2
227 -50 -2
227 -50 -2
227 -50 -2
226 -50 -2
226 -51 -2
226 -51 -2
225 -51 -2
225 -51 -2
225 -51 -2
224 -51 -2
224 -51 -2
224 -51 -2
223 -51 -2
223 -51 -2
223 -51 -2
222 -51 -2
222 -51 -2
222 -51 -2
221 -51 -2
221 -50 -2
221 -50 -2
220 -50 -2
220 -50 -2
220 -50 -2
219 -50 -2
219 -50 -2
219 -50 -2
218 -50 -2
218 -49 -2
218 -49 -2
217 -49 -2
217 -49 -2
217 -49 -2
216 -49 -2
216 -49 -2
216 -49 -2
215 -48 -2
215 -48 -2
215 -48 -2
215 -48 -2
214 -47 -2
214 -47 -2
214 -47 -2
213 -47 -2
213 -47 -2
213 -46 -2
212 -46 -2
212 -46 -2
212 -46 -2
212 -45 -2
212 -45 -2
211 -45 -2
211 -45 -2
211 -45 -2
210 -44 -2
210 -44 -2
210 -44 -2
210 -43 -2
209 -43 -2
209 -43 -2
209 -43 -2
209 -42 -2
209 -42 -2
209 -42 -2
208 -41 -2
208 -41 -2
208 -41 -2
208 -40 -2
208 -40 -2
208 -40 -2
207 -39 -2
207 -39 -2
207 -39 -2
207 -39 -2
207 -39 -2
207 -38 -2
206 -38 -2
206 -38 -2
206 -37 -2
206 -37 -2
206 -37 -2
206 -36 -2
206 -35 -2
206 -35 -2
206 -35 -2
205 -34 -2
205 -34 -2
205 -34 -2
205 -33 -2
205 -33 -2
205 -33 -2
205 -32 -2
205 -32 -2
205 -32 -2
205 -31 -2
205 -31 -2
205 -31 -2
205 -30 -2
205 -30 -2
205 -30 -2
205 -29 -2
205 -29 -2
205 -29 -2
205 -28 -2
205 -28 -2
205 -28 -2
205 -27 -2
205 -27 -2
205 -27 -2
205 -26 -2
205 -26 -2
205 -26 -2
206 -25 -2
206 -25 -2
206 -25 -2
206 -24 -2
206 -24 -2
206 -24 -2
206 -23 -2
206 -23 -2
207 -23 -2
208 -22 -2
208 -21 -2
209 -21 -2
209 -20 -2
210 -19 -2
211 -18 -2
211 -18 -2
211 -18 -2
212 -17 -2
212 -17 -2
212 -17 -2
213 -17 -2
213 -17 -2
213 -17 -2
214 -17 -2
214 -17 -2
214 -17 -2
215 -16 -2
215 -16 -2
215 -16 -2
216 -16 -2
216 -16 -2
216 -16 -2
217 -16 -2
217 -16 -2
217 -16 -2
218 -16 -2
218 -16 -2
218 -16 -2
219 -16 -2
219 -16 -2
219 -16 -2
220 -16 -2
220 -16 -2
220 -16 -2
221 -16 -2
221 -17 -2
221 -17 -2
222 -17 -2
222 -17 -2
222 -17 -2
223 -17 -2
223 -17 -2
223 -17 -2
224 -17 -2
224 -18 -2
224 -18 -2
225 -18 -2
225 -18 -2
225 -18 -2
226 -18 -2
226 -19 -2
226 -19 -2
227 -19 -2
227 -19 -2
227 -19 -2
228 -19 -2
228 -20 -2
228 -20 -2
228 -20 -2
229 -20 -2
229 -20 -2
229 -21 -2
229 -21 -2
229 -21 -2
230 -21 -2
230 -22 -2
230 -22 -2
231 -22 -2
231 -23 -2
231 -23 -2
231 -23 -2
232 -23 -2
232 -23 -2
232 -24 -2
232 -24 -2
232 -24 -2
232 -25 -2
233 -25 -2
233 -25 -2
233 -26 -2
233 -26 -2
233 -26 -2
233 -27 -2
234 -28 -2
234 -29 -2
234 -30 -2
234 -31 -2
235 -32 -2
235 -33 -2
235 -34 -2
236 -35 -2
236 -36 -2
236 -37 -2
236 -37 -2
236 -37 -1
236 -37 0
236 -37 0
236 -37 1
236 -37 2
236 -37 3
236 -37 3
235 -36 3
234 -36 3
233 -36 3
232 -36 3
231 -36 3
230 -35 3
229 -35 3
229 -35 3
229 -35 2
229 -35 1
229 -35 0
229 -35 -1
229 -35 -2
229 -35 -2
229 -35 -2
229 -34 -2
229 -34 -2
229 -34 -2
229 -33 -2
229 -33 -2
229 -33 -2
229 -32 -2
229 -32 -2
229 -32 -2
229 -31 -2
229 -31 -2
229 -31 -2
228 -30 -2
228 -30 -2
228 -30 -2
228 -29 -2
228 -29 -2
228 -29 -2
228 -28 -2
228 -28 -2
227 -28 -2
227 -27 -2
227 -27 -2
227 -27 -2
226 -27 -2
226 -27 -2
226 -26 -2
226 -26 -2
226 -26 -2
225 -25 -2
225 -25 -2
225 -25 -2
224 -25 -2
224 -24 -2
224 -24 -2
224 -24 -2
223 -24 -2
223 -24 -2
223 -24 -2
222 -23 -2
222 -23 -2
222 -23 -2
221 -23 -2
221 -23 -2
221 -23 -2
220 -23 -2
220 -23 -2
219 -23 -2
218 -24 -2
217 -24 -2
216 -24 -2
216 -24 -2
215 -25 -2
214 -25 -2
214 -25 -2
213 -26 -2
213 -26 -2
213 -26 -2
213 -26 -2
213 -27 -2
213 -27 -2
212 -27 -2
212 -28 -2
212 -28 -2
212 -28 -2
212 -29 -2
212 -29 -2
212 -29 -2
212 -30 -2
212 -30 -2
212 -30 -2
211 -31 -2
211 -31 -2
211 -31 -2
211 -32 -2
211 -32 -2
212 -32 -2
212 -33 -2
212 -33 -2
212 -33 -2
212 -34 -2
212 -34 -2
212 -34 -2
212 -35 -2
212 -35 -2
212 -35 -2
212 -36 -2
212 -36 -2
212 -36 -2
213 -37 -2
213 -37 -2
213 -37 -2
213 -38 -2
213 -38 -2
213 -38 -2
214 -39 -2
214 -39 -2
214 -39 -2
214 -40 -2
214 -40 -2
215 -40 -2
215 -40 -2
215 -40 -2
215 -41 -2
216 -41 -2
216 -41 -2
216 -41 -2
217 -42 -2
217 -42 -2
217 -42 -2
218 -42 -2
218 -42 -2
218 -43 -2
218 -43 -2
218 -43 -2
219 -43 -2
219 -43 -2
219 -43 -2
220 -44 -2
220 -44 -2
220 -44 -2
221 -44 -2
221 -44 -2
221 -44 -2
222 -44 -2
222 -44 -2
222 -44 -2
223 -44 -2
223 -44 -2
223 -44 -2
224 -44 -2
224 -44 -2
224 -44 -2
225 -43 -2
225 -43 -2
225 -43 -2
226 -43 -2
226 -43 -2
226 -43 -2
227 -42 -2
227 -42 -2
227 -42 -2
227 -41 -2
228 -41 -2
228 -41 -2
228 -41 -2
228 -40 -2
228 -40 -2
228 -40 -2
229 -39 -2
229 -39 -2
229 -39 -2
229 -38 -2
229 -38 -2
229 -38 -2
229 -37 -2
229 -37 -2
229 -37 -2
229 -36 -2
229 -36 -2
229 -36 -2
229 -35 -2
229 -35 -2
229 -35 -1
229 -35 0
229 -35 0
229 -35 1
229 -35 2
229 -35 3
229 -35 3
229 -34 3
229 -33 3
229 -32 3
229 -31 3
229 -30 3
228 -29 3
228 -28 3
228 -27 3
228 -26 3
228 -25 3
227 -24 3
227 -24 3
227 -23 3
227 -22 3
227 -21 3
226 -20 3
226 -19 3
226 -18 3
226 -17 3
226 -16 3
226 -15 3
225 -14 3
225 -13 3
225 -12 3
225 -11 3
225 -10 3
224 -9 3
224 -8 3
224 -7 3
224 -6 3
224 -5 3
224 -4 3
223 -3 3
223 -2 3
223 -1 3
223 0 3
223 0 3
222 1 3
222 2 3
222 3 3
222 4 3
222 5 3
222 6 3
221 7 3
221 8 3
221 9 3
221 10 3
221 11 3
220 12 3
220 13 3
220 14 3
220 15 3
220 16 3
220 17 3
219 18 3
219 19 3
219 20 3
219 20 3
219 21 3
218 22 3
218 23 3
218 24 3
218 25 3
218 26 3
218 27 3
217 28 3
217 29 3
217 30 3
217 31 3
217 32 3
216 33 3
216 34 3
216 34 3
216 34 2
216 34 1
216 34 0
216 34 -1
216 34 -2
216 34 -2
217 34 -2
218 33 -2
219 33 -2
220 32 -2
220 32 -2
221 31 -2
222 31 -2
223 31 -2
224 30 -2
225 30 -2
226 29 -2
226 29 -2
227 28 -2
228 28 -2
229 27 -2
230 27 -2
231 26 -2
232 26 -2
232 25 -2
233 25 -2
234 25 -2
235 24 -2
235 24 -2
235 23 -2
235 22 -2
235 21 -2
235 20 -2
235 19 -2
235 19 -2
235 18 -2
235 17 -2
235 17 -2
234 17 -2
233 17 -2
232 17 -2
231 17 -2
230 17 -2
229 17 -2
228 17 -2
227 17 -2
226 18 -2
225 18 -2
224 18 -2
223 18 -2
222 18 -2
221 18 -2
220 18 -2
219 18 -2
218 18 -2
217 18 -2
216 18 -2
215 18 -2
214 19 -2
213 19 -2
212 19 -2
211 19 -2
210 19 -2
209 19 -2
208 19 -2
207 19 -2
207 19 -2
206 19 -2
205 19 -2
204 20 -2
203 20 -2
203 20 -2
202 19 -2
202 19 -2
202 19 -2
202 18 -2
202 18 -2
202 18 -2
201 18 -2
201 17 -2
201 17 -2
200 17 -2
200 17 -2
200 17 -2
199 17 -2
199 17 -2
199 17 -2
198 18 -2
198 18 -2
198 18 -2
198 18 -2
197 18 -2
197 18 -2
197 19 -2
197 19 -2
197 19 -2
196 20 -2
196 20 -2
196 20 -2
196 21 -2
196 21 -2
196 21 -2
196 22 -2
196 22 -2
196 22 -2
196 23 -2
196 24 -2
196 25 -2
196 26 -2
196 27 -2
196 28 -2
196 29 -2
196 30 -2
196 31 -2
196 31 -2
196 32 -2
196 32 -2
196 32 -2
196 33 -2
196 33 -2
196 33 -2
196 34 -2
197 34 -2
197 34 -2
197 34 -2
197 35 -2
197 35 -2
198 35 -2
198 35 -2
198 35 -2
199 35 -2
199 35 -2
199 35 -2
200 35 -2
200 35 -2
200 35 -2
201 34 -2
201 34 -2
201 34 -2
202 34 -2
202 33 -2
202 33 -2
202 33 -2
202 32 -2
202 32 -2
202 32 -2
203 31 -2
203 31 -2
203 31 -2
203 30 -2
203 30 -2
203 29 -2
203 28 -2
203 27 -2
203 26 -2
203 26 -2
204 26 -2
205 26 -2
205 26 -2
206 26 -2
207 26 -2
208 26 -2
209 26 -2
210 26 -2
211 26 -2
212 25 -2
213 25 -2
214 25 -2
215 25 -2
216 25 -2
217 25 -2
218 25 -2
219 25 -2
220 25 -2
221 25 -2
221 25 -2
220 25 -2
219 26 -2
218 26 -2
218 26 -2
217 27 -2
216 27 -2
215 28 -2
214 28 -2
213 29 -2
212 29 -2
212 30 -2
211 30 -2
210 31 -2
209 31 -2
208 32 -2
207 32 -2
207 33 -2
206 33 -2
206 33 -2
206 34 -2
206 35 -2
206 36 -2
206 37 -2
206 38 -2
206 39 -2
206 40 -2
206 40 -2
207 40 -2
208 40 -2
209 40 -2
210 40 -2
210 40 -2
211 41 -2
212 41 -2
213 41 -2
214 41 -2
215 41 -2
216 41 -2
217 41 -2
218 41 -2
219 42 -2
220 42 -2
221 42 -2
221 42 -2
220 42 -2
219 42 -2
218 43 -2
217 43 -2
216 43 -2
215 44 -2
215 44 -2
214 44 -2
213 45 -2
212 45 -2
211 45 -2
210 45 -2
209 46 -2
208 46 -2
207 46 -2
206 47 -2
205 47 -2
204 47 -2
204 48 -2
203 48 -2
203 48 -2
203 47 -2
203 46 -2
203 45 -2
203 44 -2
203 44 -2
203 44 -2
203 43 -2
203 43 -2
202 43 -2
202 42 -2
202 42 -2
202 42 -2
202 42 -2
202 42 -2
202 41 -2
201 41 -2
201 41 -2
201 41 -2
200 41 -2
200 41 -2
200 41 -2
199 41 -2
199 41 -2
199 41 -2
198 41 -2
198 41 -2
198 41 -2
197 42 -2
197 42 -2
197 42 -2
197 42 -2
197 42 -2
197 43 -2
196 43 -2
196 43 -2
196 44 -2
196 44 -2
196 44 -2
196 45 -2
196 45 -2
196 45 -2
196 46 -2
196 47 -2
196 48 -2
196 49 -2
196 50 -2
196 51 -2
196 52 -2
196 53 -2
196 54 -2
196 55 -2
196 55 -2
196 55 -2
196 56 -2
196 56 -2
196 56 -2
196 57 -2
196 57 -2
196 57 -2
197 58 -2
197 58 -2
197 58 -2
197 58 -2
197 58 -2
198 58 -2
198 58 -2
198 58 -2
199 58 -2
199 58 -2
199 58 -2
200 58 -2
200 58 -2
200 58 -2
201 57 -2
201 57 -2
202 56 -2
202 55 -2
203 54 -2
203 54 -2
204 54 -2
204 54 -2
205 54 -2
206 53 -2
207 53 -2
208 53 -2
209 52 -2
210 52 -2
211 52 -2
212 51 -2
213 51 -2
214 51 -2
215 50 -2
216 50 -2
216 50 -2
217 50 -2
218 49 -2
219 49 -2
220 49 -2
221 48 -2
222 48 -2
223 48 -2
224 47 -2
225 47 -2
226 47 -2
227 47 -2
228 46 -2
228 46 -2
229 46 -2
230 45 -2
231 45 -2
232 45 -2
233 44 -2
234 44 -2
235 44 -2
235 44 -2
235 43 -2
235 42 -2
235 41 -2
235 40 -2
235 39 -2
235 38 -2
235 37 -2
235 36 -2
235 36 -2
234 36 -2
233 36 -2
232 36 -2
231 36 -2
230 36 -2
229 36 -2
228 36 -2
227 36 -2
226 35 -2
225 35 -2
224 35 -2
223 35 -2
222 35 -2
221 35 -2
220 35 -2
219 35 -2
218 34 -2
217 34 -2
216 34 -2
216 34 -2
216 34 -1
216 34 0
216 34 1
216 34 2
216 34 3
216 34 3
217 35 3
217 36 3
218 37 3
218 37 3
219 38 3
220 39 3
220 40 3
221 41 3
221 42 3
222 42 3
222 43 3
223 44 3
223 45 3
224 46 3
224 47 3
225 47 3
226 48 3
226 49 3
227 50 3
227 51 3
228 52 3
228 52 3
229 53 3
229 54 3
230 55 3
231 56 3
231 56 3
232 57 3
232 58 3
233 59 3
233 60 3
234 61 3
234 61 3
235 62 3
235 63 3
236 64 3
236 64 3
236 64 2
236 64 1
236 64 0
236 64 -1
236 64 -2
236 64 -2
236 63 -2
236 63 -2
236 63 -2
236 62 -2
236 62 -2
236 62 -2
236 61 -2
236 61 -2
236 61 -2
236 60 -2
236 60 -2
236 60 -2
235 59 -2
235 59 -2
235 59 -2
235 58 -2
235 58 -2
235 58 -2
235 57 -2
235 57 -2
235 57 -2
234 56 -2
234 56 -2
234 56 -2
234 55 -2
234 55 -2
234 55 -2
233 55 -2
233 54 -2
233 54 -2
233 54 -2
232 53 -2
232 53 -2
232 53 -2
232 53 -2
232 53 -2
231 52 -2
231 52 -2
231 52 -2
230 52 -2
230 51 -2
230 51 -2
229 51 -2
229 51 -2
229 51 -2
228 51 -2
228 50 -2
228 50 -2
227 50 -2
227 50 -2
227 50 -2
226 50 -2
226 50 -2
226 50 -2
225 50 -2
225 50 -2
225 50 -2
224 50 -2
224 50 -2
224 50 -2
223 50 -2
223 50 -2
223 50 -2
222 50 -2
222 50 -2
222 50 -2
221 50 -2
221 50 -2
221 50 -2
220 50 -2
220 50 -2
220 50 -2
219 50 -2
219 51 -2
219 51 -2
218 51 -2
218 51 -2
218 51 -2
217 51 -2
217 51 -2
217 51 -2
216 52 -2
216 52 -2
216 52 -2
215 52 -2
215 52 -2
215 52 -2
215 53 -2
214 53 -2
214 53 -2
214 53 -2
213 54 -2
213 54 -2
213 54 -2
212 54 -2
212 54 -2
212 55 -2
212 55 -2
212 55 -2
211 55 -2
211 56 -2
211 56 -2
210 56 -2
210 57 -2
210 57 -2
210 57 -2
209 58 -2
209 58 -2
209 58 -2
209 58 -2
209 58 -2
209 59 -2
208 59 -2
208 59 -2
208 60 -2
208 60 -2
208 60 -2
208 61 -2
207 61 -2
207 61 -2
207 61 -2
207 62 -2
207 62 -2
207 62 -2
206 63 -2
206 63 -2
206 63 -2
206 64 -2
206 64 -2
206 64 -2
206 65 -2
206 65 -2
206 66 -2
205 66 -2
205 66 -2
205 67 -2
205 67 -2
205 67 -2
205 68 -2
205 68 -2
205 68 -2
205 69 -2
205 69 -2
205 69 -2
205 70 -2
205 70 -2
205 70 -2
205 71 -2
205 71 -2
205 71 -2
205 72 -2
205 72 -2
205 72 -2
205 73 -2
205 73 -2
205 73 -2
205 74 -2
205 74 -2
205 74 -2
205 75 -2
206 75 -2
206 75 -2
206 76 -2
206 76 -2
206 76 -2
206 77 -2
206 77 -2
206 77 -2
207 78 -2
208 79 -2
208 79 -2
209 80 -2
209 81 -2
210 81 -2
211 82 -2
211 83 -2
211 83 -2
212 83 -2
212 83 -2
212 83 -2
213 83 -2
213 84 -2
213 84 -2
214 84 -2
214 84 -2
214 84 -2
215 84 -2
215 84 -2
215 84 -2
216 84 -2
216 84 -2
216 84 -2
217 84 -2
217 84 -2
217 84 -2
218 84 -2
218 84 -2
218 84 -2
219 84 -2
219 84 -2
219 84 -2
220 84 -2
220 84 -2
220 84 -2
221 84 -2
221 84 -2
221 84 -2
222 84 -2
222 84 -2
222 84 -2
223 83 -2
223 83 -2
223 83 -2
224 83 -2
224 83 -2
224 83 -2
225 83 -2
225 82 -2
225 82 -2
226 82 -2
226 82 -2
226 82 -2
227 82 -2
227 81 -2
227 81 -2
228 81 -2
228 81 -2
228 81 -2
228 80 -2
229 80 -2
229 80 -2
229 80 -2
229 79 -2
229 79 -2
230 79 -2
230 79 -2
230 79 -2
231 78 -2
231 78 -2
231 78 -2
231 77 -2
232 77 -2
232 77 -2
232 77 -2
232 76 -2
232 76 -2
232 76 -2
233 75 -2
233 75 -2
233 75 -2
233 74 -2
233 74 -2
233 73 -2
234 72 -2
234 72 -2
234 71 -2
234 70 -2
235 69 -2
235 68 -2
235 67 -2
236 66 -2
236 65 -2
236 64 -2
236 64 -2
236 64 -1
236 64 0
236 64 0
236 64 1
236 64 2
236 64 3
236 64 3
235 64 3
234 64 3
233 64 3
232 65 3
231 65 3
230 65 3
229 65 3
229 65 3
229 65 2
229 65 1
229 65 0
229 65 -1
229 65 -2
229 65 -2
229 66 -2
229 66 -2
229 66 -2
229 67 -2
229 67 -2
229 67 -2
229 68 -2
229 68 -2
229 68 -2
229 69 -2
229 69 -2
229 69 -2
229 70 -2
228 70 -2
228 70 -2
228 71 -2
228 71 -2
228 71 -2
228 72 -2
228 72 -2
228 72 -2
227 73 -2
227 73 -2
227 73 -2
227 73 -2
226 74 -2
226 74 -2
226 74 -2
226 75 -2
226 75 -2
225 75 -2
225 75 -2
225 75 -2
224 76 -2
224 76 -2
224 76 -2
224 76 -2
223 77 -2
223 77 -2
223 77 -2
222 77 -2
222 77 -2
222 77 -2
221 77 -2
221 77 -2
221 78 -2
220 78 -2
220 78 -2
219 77 -2
218 77 -2
217 77 -2
216 76 -2
216 76 -2
215 76 -2
214 75 -2
214 75 -2
213 75 -2
213 75 -2
213 75 -2
213 74 -2
213 74 -2
213 74 -2
212 73 -2
212 73 -2
212 73 -2
212 72 -2
212 72 -2
212 72 -2
212 71 -2
212 71 -2
212 71 -2
212 70 -2
211 70 -2
211 70 -2
211 69 -2
211 69 -2
211 69 -2
212 68 -2
212 68 -2
212 68 -2
212 67 -2
212 67 -2
212 67 -2
212 66 -2
212 66 -2
212 66 -2
212 65 -2
212 65 -2
212 65 -2
212 64 -2
213 64 -2
213 64 -2
213 63 -2
213 63 -2
213 63 -2
213 62 -2
214 62 -2
214 62 -2
214 61 -2
214 61 -2
214 61 -2
215 61 -2
215 60 -2
215 60 -2
215 60 -2
216 59 -2
216 59 -2
216 59 -2
217 59 -2
217 59 -2
217 58 -2
218 58 -2
218 58 -2
218 58 -2
218 58 -2
218 58 -2
219 57 -2
219 57 -2
219 57 -2
220 57 -2
220 57 -2
220 57 -2
221 57 -2
221 57 -2
221 57 -2
222 57 -2
222 56 -2
222 56 -2
223 57 -2
223 57 -2
223 57 -2
224 57 -2
224 57 -2
224 57 -2
225 57 -2
225 57 -2
225 57 -2
226 58 -2
226 58 -2
226 58 -2
227 58 -2
227 59 -2
227 59 -2
227 59 -2
228 59 -2
228 59 -2
228 60 -2
228 60 -2
228 60 -2
228 61 -2
229 61 -2
229 61 -2
229 62 -2
229 62 -2
229 62 -2
229 63 -2
229 63 -2
229 63 -2
229 64 -2
229 64 -2
229 64 -2
229 65 -2
229 65 -2
229 65 -2
229 65 -1
229 65 0
229 65 0
229 65 1
229 65 2
229 65 3
229 65 3
229 66 3
228 67 3
228 68 3
227 69 3
227 69 3
226 70 3
226 71 3
225 72 3
225 73 3
224 74 3
224 74 3
223 75 3
223 76 3
222 77 3
222 78 3
221 79 3
220 79 3
220 80 3
219 81 3
219 82 3
218 83 3
218 84 3
217 84 3
217 85 3
216 86 3
216 87 3
215 88 3
215 89 3
214 89 3
214 90 3
213 91 3
213 92 3
212 93 3
212 94 3
211 94 3
211 95 3
210 96 3
209 97 3
209 98 3
208 99 3
208 99 3
207 100 3
207 101 3
206 102 3
206 103 3
206 103 3
206 103 2
206 103 1
206 103 0
206 103 -1
206 103 -2
206 103 -2
207 103 -2
207 102 -2
208 102 -2
209 102 -2
210 102 -2
210 102 -2
210 102 -2
209 103 -2
209 103 -2
209 103 -2
209 104 -2
209 104 -2
209 104 -2
208 105 -2
208 105 -2
208 105 -2
208 105 -2
208 105 -2
208 106 -2
207 106 -2
207 106 -2
207 107 -2
207 107 -2
207 107 -2
207 108 -2
206 108 -2
206 108 -2
206 109 -2
206 109 -2
206 109 -2
206 110 -2
206 110 -2
206 110 -2
205 111 -2
205 111 -2
205 111 -2
205 112 -2
205 112 -2
205 112 -2
205 113 -2
205 113 -2
205 113 -2
205 114 -2
205 114 -2
205 114 -2
205 115 -2
205 115 -2
205 115 -2
205 116 -2
205 116 -2
205 116 -2
205 117 -2
206 117 -2
206 117 -2
206 118 -2
206 118 -2
206 118 -2
206 118 -2
207 119 -2
207 119 -2
207 119 -2
207 120 -2
207 120 -2
208 120 -2
208 120 -2
208 120 -2
209 121 -2
209 121 -2
209 121 -2
209 121 -2
210 121 -2
210 121 -2
210 121 -2
211 121 -2
211 121 -2
211 121 -2
212 120 -2
212 120 -2
212 120 -2
213 120 -2
213 120 -2
213 119 -2
213 119 -2
213 119 -2
214 119 -2
214 118 -2
214 118 -2
214 118 -2
214 117 -2
214 117 -2
214 117 -2
214 116 -2
214 116 -2
214 116 -2
213 115 -2
213 115 -2
213 115 -2
213 115 -2
213 115 -2
212 114 -2
212 114 -2
212 114 -2
212 113 -2
212 113 -2
212 113 -2
212 112 -2
212 112 -2
212 112 -2
212 111 -2
212 111 -2
212 111 -2
212 110 -2
212 110 -2
212 110 -2
212 109 -2
213 109 -2
213 109 -2
213 109 -2
213 108 -2
213 108 -2
213 108 -2
214 107 -2
214 107 -2
214 107 -2
214 106 -2
214 106 -2
214 106 -2
215 105 -2
215 105 -2
215 105 -2
215 105 -2
215 105 -2
216 104 -2
216 104 -2
216 104 -2
216 103 -2
216 103 -2
216 103 -2
217 102 -2
217 102 -2
217 102 -2
217 102 -2
218 101 -2
218 101 -2
218 101 -2
218 100 -2
218 100 -2
219 100 -2
220 100 -2
221 100 -2
222 99 -2
223 99 -2
224 99 -2
225 99 -2
226 99 -2
227 98 -2
227 98 -2
228 98 -2
228 98 -2
228 99 -2
228 100 -2
228 101 -2
228 102 -2
228 103 -2
228 104 -2
228 104 -2
228 105 -2
228 106 -2
228 107 -2
228 107 -2
228 108 -2
228 108 -2
228 108 -2
228 109 -2
229 109 -2
229 109 -2
229 110 -2
229 110 -2
229 110 -2
229 111 -2
230 111 -2
230 111 -2
230 111 -2
231 111 -2
231 111 -2
231 111 -2
232 111 -2
232 111 -2
232 111 -2
233 111 -2
233 111 -2
233 110 -2
234 110 -2
234 110 -2
234 110 -2
234 109 -2
234 109 -2
234 109 -2
235 108 -2
235 108 -2
235 108 -2
235 107 -2
235 107 -2
235 107 -2
235 106 -2
235 106 -2
235 105 -2
235 104 -2
235 103 -2
235 102 -2
235 101 -2
235 100 -2
235 100 -2
235 99 -2
235 98 -2
235 97 -2
235 96 -2
235 95 -2
235 94 -2
235 93 -2
235 92 -2
235 91 -2
235 90 -2
235 89 -2
235 88 -2
235 87 -2
235 86 -2
235 86 -2
235 85 -2
235 85 -2
235 85 -2
235 84 -2
235 84 -2
235 84 -2
235 84 -2
234 83 -2
234 83 -2
234 83 -2
233 82 -2
233 82 -2
233 82 -2
233 82 -2
233 82 -2
232 82 -2
232 82 -2
232 82 -2
231 83 -2
231 83 -2
231 83 -2
230 83 -2
230 83 -2
230 83 -2
229 84 -2
229 84 -2
229 84 -2
229 85 -2
229 85 -2
229 85 -2
229 85 -2
228 86 -2
228 86 -2
228 86 -2
228 87 -2
228 87 -2
228 88 -2
228 89 -2
228 90 -2
228 90 -2
228 91 -2
228 91 -2
227 92 -2
226 92 -2
226 92 -2
225 92 -2
224 92 -2
223 93 -2
222 93 -2
221 93 -2
220 93 -2
219 93 -2
218 94 -2
217 94 -2
216 94 -2
215 94 -2
214 94 -2
213 95 -2
212 95 -2
212 95 -2
212 94 -2
212 93 -2
212 92 -2
212 92 -2
212 92 -2
212 91 -2
212 91 -2
212 91 -2
212 90 -2
212 90 -2
212 90 -2
212 89 -2
212 89 -2
211 89 -2
211 89 -2
211 89 -2
210 89 -2
210 89 -2
210 89 -2
209 89 -2
209 89 -2
209 89 -2
208 89 -2
208 89 -2
208 89 -2
208 89 -2
207 90 -2
207 90 -2
207 90 -2
206 90 -2
206 90 -2
206 91 -2
206 91 -2
206 91 -2
206 92 -2
206 92 -2
206 92 -2
206 93 -2
206 93 -2
206 93 -2
206 94 -2
206 95 -2
206 96 -2
206 97 -2
206 98 -2
206 99 -2
206 100 -2
206 101 -2
206 102 -2
206 103 -2
206 103 -2
206 103 -1
206 103 0
206 103 0
206 103 1
206 103 2
206 103 3
206 103 3
205 104 3
205 105 3
205 106 3
205 107 3
204 108 3
204 108 3
204 109 3
203 110 3
203 111 3
203 112 3
203 113 3
202 114 3
202 115 3
202 116 3
201 117 3
201 118 3
201 119 3
201 120 3
200 121 3
200 122 3
200 123 3
199 124 3
199 125 3
199 126 3
199 127 3
198 128 3
198 129 3
198 129 3
197 130 3
197 131 3
197 132 3
196 133 3
196 134 3
196 135 3
196 136 3
195 137 3
195 138 3
195 139 3
194 140 3
194 141 3
194 142 3
194 143 3
193 144 3
193 144 3
193 144 2
193 144 1
193 144 0
193 144 -1
193 144 -2
193 144 -2
194 144 -2
195 143 -2
196 143 -2
197 143 -2
198 143 -2
199 143 -2
200 142 -2
201 142 -2
202 142 -2
203 142 -2
204 142 -2
205 141 -2
206 141 -2
207 141 -2
208 141 -2
209 141 -2
210 140 -2
211 140 -2
212 140 -2
213 140 -2
214 139 -2
215 139 -2
216 139 -2
217 139 -2
218 139 -2
219 138 -2
220 138 -2
221 138 -2
222 138 -2
223 138 -2
223 137 -2
224 137 -2
225 137 -2
226 137 -2
227 137 -2
228 136 -2
228 136 -2
228 137 -2
228 138 -2
228 139 -2
228 140 -2
228 141 -2
228 142 -2
228 143 -2
228 144 -2
228 144 -2
228 145 -2
228 145 -2
228 145 -2
228 146 -2
229 146 -2
229 146 -2
229 147 -2
229 147 -2
229 147 -2
229 148 -2
230 148 -2
230 148 -2
230 148 -2
231 148 -2
231 148 -2
231 148 -2
232 148 -2
232 148 -2
232 148 -2
233 148 -2
233 148 -2
233 147 -2
234 147 -2
234 147 -2
234 147 -2
234 146 -2
234 146 -2
234 146 -2
235 145 -2
235 145 -2
235 145 -2
235 144 -2
235 144 -2
235 144 -2
235 143 -2
235 143 -2
235 142 -2
235 141 -2
235 140 -2
235 139 -2
235 138 -2
235 137 -2
235 136 -2
235 135 -2
235 134 -2
235 133 -2
235 132 -2
235 131 -2
235 130 -2
235 129 -2
235 128 -2
235 127 -2
235 126 -2
235 125 -2
235 124 -2
235 123 -2
235 122 -2
235 121 -2
235 120 -2
235 120 -2
235 120 -2
235 119 -2
235 119 -2
235 119 -2
235 118 -2
235 118 -2
235 118 -2
234 118 -2
234 118 -2
234 117 -2
233 117 -2
233 117 -2
233 117 -2
233 117 -2
233 117 -2
232 117 -2
232 117 -2
232 117 -2
231 117 -2
231 117 -2
231 117 -2
230 117 -2
230 118 -2
230 118 -2
229 118 -2
229 119 -2
229 119 -2
229 119 -2
229 119 -2
229 119 -2
229 120 -2
228 120 -2
228 120 -2
228 121 -2
228 121 -2
228 121 -2
228 122 -2
228 123 -2
228 124 -2
228 125 -2
228 126 -2
228 127 -2
228 128 -2
228 129 -2
228 130 -2
228 130 -2
227 130 -2
226 130 -2
226 130 -2
225 131 -2
224 131 -2
223 131 -2
222 131 -2
221 131 -2
220 132 -2
219 132 -2
218 132 -2
217 132 -2
216 132 -2
215 133 -2
214 133 -2
213 133 -2
212 133 -2
211 133 -2
210 134 -2
209 134 -2
208 134 -2
207 134 -2
207 134 -2
206 135 -2
205 135 -2
204 135 -2
203 135 -2
202 135 -2
201 136 -2
200 136 -2
200 136 -2
200 135 -2
200 134 -2
200 133 -2
200 132 -2
200 131 -2
200 131 -2
200 131 -2
200 130 -2
200 130 -2
200 130 -2
200 129 -2
200 129 -2
200 129 -2
199 128 -2
199 128 -2
199 128 -2
199 127 -2
198 127 -2
198 127 -2
198 127 -2
197 127 -2
197 127 -2
197 127 -2
196 127 -2
196 127 -2
196 127 -2
195 127 -2
195 127 -2
195 128 -2
195 128 -2
195 128 -2
194 128 -2
194 129 -2
194 129 -2
194 129 -2
194 130 -2
194 130 -2
193 130 -2
193 131 -2
193 131 -2
193 131 -2
193 132 -2
193 132 -2
193 132 -2
193 133 -2
193 134 -2
193 135 -2
193 136 -2
193 137 -2
193 138 -2
193 139 -2
193 140 -2
193 141 -2
193 142 -2
193 143 -2
193 144 -2
193 144 -2
193 144 -1
193 144 0
193 144 0
193 144 1
193 144 2
193 144 3
193 144 3
193 145 3
193 146 3
193 147 3
193 148 3
193 149 3
193 150 3
193 151 3
193 152 3
193 153 3
193 154 3
193 155 3
193 156 3
193 157 3
193 158 3
193 159 3
193 160 3
193 161 3
193 162 3
193 163 3
193 164 3
193 165 3
193 166 3
193 167 3
193 168 3
193 169 3
193 170 3
193 171 3
193 172 3
193 173 3
193 174 3
193 175 3
193 176 3
193 177 3
193 178 3
193 179 3
193 180 3
193 181 3
193 182 3
193 183 3
193 184 3
193 185 3
193 186 3
193 187 3
193 188 3
193 189 3
193 190 3
193 190 3
193 190 2
193 190 1
193 190 0
193 190 -1
193 190 -2
193 190 -2
194 189 -2
195 189 -2
196 189 -2
197 189 -2
198 188 -2
199 188 -2
200 188 -2
201 188 -2
202 188 -2
203 187 -2
204 187 -2
205 187 -2
206 187 -2
207 187 -2
208 186 -2
209 186 -2
210 186 -2
211 186 -2
212 186 -2
213 185 -2
214 185 -2
215 185 -2
216 185 -2
217 185 -2
218 184 -2
219 184 -2
220 184 -2
221 184 -2
222 183 -2
223 183 -2
223 183 -2
224 183 -2
225 183 -2
226 182 -2
227 182 -2
228 182 -2
228 182 -2
228 183 -2
228 183 -2
228 183 -2
228 184 -2
228 184 -2
228 184 -2
228 185 -2
229 185 -2
229 185 -2
229 186 -2
229 186 -2
229 186 -2
229 186 -2
230 187 -2
230 187 -2
230 187 -2
231 187 -2
231 187 -2
231 187 -2
232 187 -2
232 187 -2
232 187 -2
233 186 -2
233 186 -2
233 186 -2
234 186 -2
234 186 -2
234 185 -2
234 185 -2
234 185 -2
234 185 -2
235 184 -2
235 184 -2
235 184 -2
235 183 -2
235 183 -2
235 183 -2
235 182 -2
235 182 -2
235 181 -2
235 180 -2
235 179 -2
235 179 -2
235 178 -2
235 177 -2
235 176 -2
235 175 -2
235 174 -2
235 174 -2
234 174 -2
233 174 -2
233 174 -2
234 174 -2
234 173 -2
234 173 -2
234 173 -2
234 173 -2
234 173 -2
234 172 -2
235 172 -2
235 172 -2
235 171 -2
235 171 -2
235 171 -2
235 170 -2
235 169 -2
235 169 -2
235 169 -2
236 168 -2
236 168 -2
236 168 -2
236 167 -2
236 167 -2
236 167 -2
236 166 -2
236 166 -2
236 166 -2
236 165 -2
236 165 -2
236 165 -2
236 164 -2
236 164 -2
236 164 -2
236 163 -2
236 163 -2
236 163 -2
236 162 -2
236 162 -2
236 162 -2
236 161 -2
236 161 -2
236 160 -2
236 160 -2
236 160 -2
236 159 -2
235 159 -2
235 159 -2
235 158 -2
235 158 -2
235 158 -2
235 157 -2
235 157 -2
235 157 -2
234 156 -2
234 156 -2
234 156 -2
234 156 -2
234 155 -2
234 155 -2
233 155 -2
233 154 -2
233 154 -2
233 154 -2
232 153 -2
232 153 -2
232 153 -2
231 153 -2
231 153 -2
231 152 -2
231 152 -2
231 152 -2
230 152 -2
230 152 -2
230 152 -2
229 151 -2
229 151 -2
229 151 -2
228 151 -2
228 151 -2
228 151 -2
227 151 -2
227 151 -2
227 151 -2
226 150 -2
226 150 -2
226 150 -2
225 150 -2
225 150 -2
225 150 -2
224 150 -2
224 150 -2
224 150 -2
223 150 -2
223 150 -2
223 150 -2
222 151 -2
222 151 -2
222 151 -2
221 151 -2
221 151 -2
221 151 -2
220 151 -2
220 151 -2
220 151 -2
219 151 -2
219 151 -2
219 151 -2
218 152 -2
218 152 -2
218 152 -2
217 152 -2
217 152 -2
217 152 -2
216 152 -2
216 153 -2
216 153 -2
215 153 -2
215 153 -2
215 153 -2
214 154 -2
214 154 -2
214 154 -2
213 154 -2
213 154 -2
213 154 -2
213 155 -2
212 155 -2
212 155 -2
212 155 -2
211 156 -2
211 156 -2
211 156 -2
211 157 -2
211 157 -2
210 157 -2
210 157 -2
210 157 -2
210 158 -2
209 158 -2
209 158 -2
209 159 -2
209 159 -2
209 159 -2
208 160 -2
208 160 -2
208 160 -2
208 160 -2
208 161 -2
208 161 -2
207 161 -2
207 162 -2
207 162 -2
207 162 -2
207 163 -2
207 163 -2
206 163 -2
206 164 -2
206 164 -2
206 164 -2
206 165 -2
206 165 -2
206 165 -2
206 166 -2
206 166 -2
205 166 -2
205 167 -2
205 167 -2
205 167 -2
205 168 -2
205 168 -2
205 168 -2
205 169 -2
205 169 -2
205 169 -2
205 170 -2
205 170 -2
205 171 -2
205 172 -2
206 173 -2
206 173 -2
206 174 -2
207 175 -2
207 176 -2
207 177 -2
207 178 -2
208 179 -2
208 180 -2
208 180 -2
207 180 -2
206 180 -2
205 180 -2
204 181 -2
204 181 -2
203 181 -2
202 181 -2
201 181 -2
200 181 -2
200 181 -2
200 181 -2
200 180 -2
200 180 -2
200 180 -2
200 179 -2
200 179 -2
200 179 -2
200 178 -2
200 178 -2
199 178 -2
199 177 -2
199 177 -2
199 177 -2
198 177 -2
198 177 -2
198 177 -2
197 177 -2
197 177 -2
197 177 -2
196 177 -2
196 177 -2
196 177 -2
195 177 -2
195 177 -2
195 177 -2
195 178 -2
195 178 -2
194 178 -2
194 178 -2
194 178 -2
194 179 -2
194 179 -2
194 179 -2
193 180 -2
193 180 -2
193 180 -2
193 181 -2
193 181 -2
193 181 -2
193 182 -2
193 183 -2
193 184 -2
193 185 -2
193 186 -2
193 187 -2
193 188 -2
193 189 -2
193 190 -2
193 190 -2
193 190 -1
193 190 0
193 190 0
193 190 1
193 190 2
193 190 3
193 190 3
194 189 3
195 188 3
196 188 3
197 187 3
197 187 3
198 186 3
199 186 3
200 185 3
201 185 3
201 184 3
202 183 3
203 183 3
204 182 3
205 182 3
206 181 3
206 181 3
207 180 3
208 180 3
209 179 3
210 179 3
211 178 3
211 177 3
212 177 3
213 176 3
214 176 3
215 175 3
215 175 3
216 174 3
217 174 3
218 173 3
219 172 3
220 172 3
220 171 3
221 171 3
222 170 3
223 170 3
224 169 3
224 169 3
225 168 3
226 168 3
227 167 3
228 166 3
229 166 3
229 165 3
229 165 3
229 165 2
229 165 1
229 165 0
229 165 -1
229 165 -2
229 165 -2
229 166 -2
229 166 -2
229 166 -2
229 167 -2
229 167 -2
229 167 -2
229 168 -2
229 168 -2
229 168 -2
229 169 -2
229 169 -2
229 169 -2
229 170 -2
229 170 -2
229 170 -2
228 171 -2
228 171 -2
228 171 -2
228 172 -2
228 172 -2
228 172 -2
227 173 -2
227 173 -2
227 173 -2
227 174 -2
226 174 -2
226 174 -2
226 174 -2
226 175 -2
226 175 -2
225 175 -2
225 175 -2
225 175 -2
224 176 -2
224 176 -2
224 176 -2
223 176 -2
223 176 -2
223 176 -2
223 177 -2
222 177 -2
222 177 -2
222 177 -2
221 177 -2
221 177 -2
220 177 -2
220 177 -2
220 177 -2
219 177 -2
219 177 -2
219 177 -2
218 177 -2
218 177 -2
218 177 -2
217 177 -2
217 177 -2
217 177 -2
216 177 -2
216 177 -2
216 177 -2
215 176 -2
215 176 -2
215 176 -2
215 176 -2
214 175 -2
214 175 -2
214 175 -2
213 175 -2
213 175 -2
213 174 -2
213 174 -2
213 174 -2
213 173 -2
212 173 -2
212 173 -2
212 173 -2
212 172 -2
212 172 -2
212 172 -2
212 171 -2
212 171 -2
212 171 -2
212 170 -2
212 170 -2
212 170 -2
211 169 -2
211 169 -2
212 168 -2
212 168 -2
212 168 -2
212 167 -2
212 167 -2
212 167 -2
212 166 -2
212 166 -2
212 166 -2
212 166 -2
212 165 -2
212 165 -2
212 165 -2
213 164 -2
213 164 -2
213 164 -2
213 163 -2
213 163 -2
213 163 -2
214 162 -2
214 162 -2
214 162 -2
214 162 -2
214 162 -2
215 161 -2
215 161 -2
215 161 -2
216 160 -2
217 160 -2
218 160 -2
219 159 -2
219 159 -2
220 158 -2
221 158 -2
222 158 -2
223 157 -2
223 157 -2
224 157 -2
224 157 -2
224 157 -2
225 157 -2
225 157 -2
225 157 -2
226 158 -2
226 158 -2
226 158 -2
226 158 -2
227 158 -2
227 158 -2
227 159 -2
228 159 -2
228 159 -2
228 160 -2
228 160 -2
228 160 -2
228 160 -2
229 161 -2
229 161 -2
229 161 -2
229 162 -2
229 162 -2
229 162 -2
229 163 -2
229 163 -2
229 163 -2
229 164 -2
229 164 -2
229 164 -2
229 165 -2
229 165 -2
229 165 -1
229 165 0
229 165 0
229 165 1
229 165 2
229 165 3
229 165 3
229 165 3
228 164 3
228 163 3
227 162 3
227 161 4
226 161 4
226 160 4
225 159 4
224 158 5
224 157 5
223 157 5
223 156 5
222 155 6
222 154 6
221 153 6
221 153 6
220 152 7
220 151 7
219 150 7
218 149 7
218 149 8
217 148 8
217 147 8
216 146 8
216 145 9
215 145 9
215 144 9
214 143 9
213 142 10
213 142 10
212 141 10
212 140 10
211 139 11
211 138 11
210 138 11
210 137 11
209 136 12
209 135 12
208 134 12
207 134 12
207 133 13
206 132 13
206 131 13
205 130 13
205 130 13
204 129 14
204 128 14
203 127 14
202 126 14
202 126 15
201 125 15
201 124 15
200 123 15
200 122 16
199 122 16
199 121 16
198 120 16
198 119 17
197 119 17
196 118 17
196 117 17
195 116 18
195 115 18
194 115 18
194 114 18
193 113 19
193 112 19
192 111 19
191 111 19
191 110 20
190 109 20
190 108 20
189 107 20
189 107 21
188 106 21
188 105 21
187 104 21
187 103 22
186 103 22
185 102 22
185 101 22
184 100 23
184 99 23
183 99 23
183 98 23
182 97 23
182 96 24
181 96 24
180 95 24
180 94 24
179 93 25
179 92 25
178 92 25
178 91 25
177 90 26
177 89 26
176 88 26
176 88 26
175 87 27
174 86 27
174 85 27
173 84 27
173 84 28
172 83 28
172 82 28
171 81 28
171 80 29
170 80 29
169 79 29
169 78 29
168 77 30
168 76 30
167 76 30
167 75 30
166 74 31
166 73 31
165 72 31
165 72 31
164 71 32
163 70 32
163 69 32
162 69 32
162 68 33
161 67 33
161 66 33
160 65 33
160 65 33
159 64 34
158 63 34
158 62 34
157 61 34
157 61 35
156 60 35
156 59 35
155 58 35
155 57 36
154 57 36
154 56 36
153 55 36
152 54 37
152 53 37
151 53 37
151 52 37
150 51 38
150 50 38
149 49 38
149 49 38
148 48 39
147 47 39
147 46 39
146 46 39
146 45 40
145 44 40
145 43 40
144 42 40
144 42 41
143 41 41
143 40 41
142 39 41
141 38 42
141 38 42
140 37 42
140 36 42
139 35 43
139 34 43
138 34 43
138 33 43
137 32 43
136 31 44
136 30 44
135 30 44
135 29 44
134 28 45
134 27 45
133 26 45
133 26 45
132 25 46
132 24 46
131 23 46
130 23 46
130 22 47
129 21 47
129 20 47
128 19 47
128 19 48
127 18 48
127 17 48
126 16 48
125 15 49
125 15 49
124 14 49
124 13 49
123 12 50
123 11 50
122 11 50
122 10 50
121 9 51
121 8 51
120 7 51
119 7 51
119 6 52
118 5 52
118 4 52
117 3 52
117 3 53
116 2 53
116 1 53
115 0 53
115 0 54
