117 0 54
117 0 55
129 0 55
154 0 60
163 0 56
162 0 50
161 0 49
163 -1 52
165 -1 56
165 -2 57
165 -3 57
166 -4 57
167 -4 57
168 -4 58
168 -5 57
169 -5 55
169 -6 53
168 -6 50
169 -7 50
170 -8 50
171 -8 51
172 -9 51
173 -9 51
174 -10 50
174 -10 49
174 -11 47
175 -11 46
175 -12 45
177 -12 46
177 -12 46
178 -13 46
179 -14 45
180 -14 45
180 -15 43
180 -15 42
181 -15 42
182 -16 42
184 -16 42
185 -17 42
186 -17 42
186 -18 41
186 -18 40
187 -19 39
187 -19 38
188 -20 38
189 -21 37
190 -21 37
191 -22 37
191 -22 36
192 -22 36
193 -23 35
193 -23 34
194 -24 34
194 -24 33
195 -25 32
196 -26 32
197 -26 32
198 -27 32
199 -27 32
199 -27 31
200 -28 30
200 -28 29
201 -29 28
202 -30 28
203 -30 28
204 -30 28
205 -31 27
205 -31 27
206 -32 26
206 -32 25
207 -33 25
208 -33 24
209 -34 24
210 -34 23
211 -35 23
211 -36 23
212 -36 22
213 -36 22
214 -37 21
214 -37 20
215 -38 20
216 -38 19
216 -39 19
216 -39 19
215 -39 18
215 -38 17
215 -39 16
214 -38 15
214 -38 13
213 -38 12
213 -38 10
213 -38 9
213 -38 8
213 -38 8
213 -38 8
214 -38 8
212 -38 8
211 -38 8
210 -38 8
209 -38 9
208 -38 10
207 -39 11
207 -39 12
205 -39 11
204 -39 11
203 -39 10
201 -38 10
200 -38 9
199 -38 10
199 -38 10
198 -38 11
197 -38 11
196 -39 11
195 -38 11
193 -38 10
192 -38 10
191 -38 10
190 -38 10
189 -38 10
189 -38 11
188 -38 10
187 -39 10
185 -39 10
184 -38 10
183 -38 10
182 -39 10
181 -38 10
181 -38 10
180 -38 10
179 -38 10
178 -38 10
176 -38 10
176 -38 10
174 -38 10
174 -38 10
173 -38 10
171 -38 10
170 -38 10
170 -38 10
168 -38 10
167 -38 9
166 -38 9
165 -38 10
165 -38 10
164 -38 10
163 -38 10
162 -38 10
161 -38 10
160 -39 10
158 -39 10
158 -38 10
157 -38 10
156 -38 10
154 -38 9
154 -38 10
153 -38 10
152 -38 10
151 -38 10
150 -38 10
149 -38 10
148 -38 9
147 -38 9
146 -38 10
145 -38 9
144 -38 10
143 -38 10
141 -38 9
141 -38 9
140 -38 9
139 -38 10
138 -38 10
137 -38 10
136 -38 10
135 -38 10
134 -38 9
133 -38 9
132 -38 9
131 -38 10
131 -38 9
131 -38 9
131 -38 9
131 -38 9
130 -38 9
130 -38 9
130 -38 9
130 -38 9
129 -38 9
130 -38 9
129 -38 9
129 -38 9
129 -37 9
129 -37 9
129 -36 9
129 -34 9
130 -33 9
130 -32 9
130 -31 9
130 -30 9
130 -28 9
129 -27 9
130 -26 9
130 -25 9
129 -24 9
129 -23 9
130 -22 9
130 -21 9
129 -20 9
130 -19 9
130 -18 9
130 -17 9
130 -16 9
130 -15 9
129 -14 9
130 -13 10
130 -12 9
130 -11 9
129 -10 9
130 -9 9
129 -8 10
129 -7 10
130 -6 9
129 -5 9
129 -4 9
129 -3 9
129 -2 9
129 -1 9
129 0 9
129 0 9
129 1 9
130 2 10
129 3 9
129 4 9
129 5 9
129 6 9
129 7 9
129 8 9
129 9 10
129 10 10
129 11 9
129 12 9
129 13 9
129 13 9
129 14 9
129 14 9
129 14 9
130 14 10
130 14 10
130 14 10
130 15 10
130 15 10
131 15 10
131 15 10
132 15 10
132 15 10
133 15 11
134 16 11
136 16 11
137 16 11
138 16 11
139 16 10
139 16 10
140 16 9
141 16 9
142 16 10
143 16 9
144 16 10
145 16 10
146 16 10
147 16 10
148 16 10
149 16 9
149 16 9
151 16 9
152 15 9
153 16 10
154 15 10
155 15 10
156 16 10
156 15 9
157 15 9
158 15 9
159 15 9
160 15 10
161 15 10
162 15 9
163 15 9
163 15 8
164 15 8
166 15 9
167 15 9
168 15 10
169 15 10
170 15 10
171 15 9
171 15 8
173 15 9
174 15 9
175 15 9
176 15 9
177 15 9
178 15 10
179 15 10
180 15 9
180 15 9
181 15 8
182 15 8
183 15 9
184 15 9
186 15 9
187 15 10
188 15 9
189 15 9
190 15 9
190 15 9
191 15 9
192 15 9
194 15 9
195 15 9
196 15 9
197 15 9
198 15 9
198 15 9
199 15 9
200 15 9
201 15 9
202 15 9
204 15 9
204 15 9
206 15 9
206 15 9
207 15 9
208 15 9
209 15 9
211 15 10
212 15 10
213 15 9
213 15 9
214 15 8
214 15 8
214 15 8
214 15 8
215 15 8
215 15 8
216 14 9
216 15 9
216 15 9
216 15 9
216 14 9
216 14 9
217 15 9
217 14 10
217 14 10
217 13 10
217 11 10
217 10 10
217 8 10
217 7 10
218 6 10
218 6 10
218 5 10
218 4 10
217 3 9
217 2 9
217 1 9
217 0 9
217 0 9
217 -1 9
217 -2 9
217 -3 9
216 -4 9
216 -5 9
216 -6 9
216 -7 9
216 -8 9
216 -9 9
216 -10 9
216 -11 9
216 -12 9
216 -13 9
216 -14 9
216 -15 9
216 -16 9
216 -17 9
216 -18 9
215 -19 9
215 -20 9
216 -21 9
216 -22 10
217 -23 10
217 -24 10
217 -25 10
217 -26 9
216 -27 9
216 -28 9
216 -29 8
216 -30 9
217 -31 9
218 -32 10
218 -33 10
217 -35 9
217 -35 9
217 -36 10
217 -37 9
217 -37 9
217 -37 10
217 -37 9
217 -37 9
217 -37 9
217 -37 9
217 -38 9
217 -38 9
217 -38 9
217 -38 9
217 -39 9
217 -39 9
216 -38 9
216 -38 9
215 -38 9
215 -38 10
216 -38 12
216 -38 14
216 -38 16
216 -39 18
217 -39 20
216 -38 20
216 -38 20
215 -38 20
215 -38 20
215 -38 19
214 -37 19
214 -36 19
214 -35 19
214 -33 18
214 -32 19
214 -30 18
214 -29 18
213 -28 18
213 -27 17
213 -25 17
212 -24 17
213 -23 17
213 -22 17
213 -21 17
213 -20 18
213 -19 18
214 -18 19
214 -17 19
213 -16 19
214 -15 19
213 -14 19
213 -13 19
213 -12 18
213 -11 18
213 -10 18
213 -9 18
213 -8 18
213 -7 18
213 -6 18
213 -5 18
213 -4 18
213 -3 19
214 -2 19
214 -1 19
214 0 19
214 0 19
213 1 19
213 2 19
213 3 19
213 4 19
213 5 19
213 6 19
213 7 19
213 8 19
213 9 19
213 10 19
213 11 19
213 12 19
213 12 19
214 12 19
214 12 19
214 12 19
214 12 18
214 12 16
213 12 14
212 12 11
211 12 9
211 12 8
211 12 7
211 12 8
211 12 7
211 12 8
209 12 8
208 12 8
207 12 10
206 12 10
206 12 11
205 11 11
204 11 11
202 11 10
201 12 10
200 11 9
199 11 10
198 11 10
197 11 11
196 11 11
195 11 10
194 11 10
193 11 10
192 11 10
191 11 10
190 11 10
189 11 10
188 11 10
187 11 10
187 11 11
186 11 11
185 11 10
183 12 10
182 12 10
181 12 10
180 11 10
179 11 10
178 11 10
177 11 10
176 11 10
175 11 10
174 11 10
173 11 10
172 11 9
171 11 10
170 11 10
170 11 10
168 11 10
167 12 10
166 12 10
165 11 10
164 11 10
163 11 9
162 11 10
162 11 10
160 11 9
159 12 10
159 11 10
158 12 10
156 12 10
155 11 10
154 11 10
153 11 9
152 11 9
152 11 10
151 12 10
149 11 10
149 11 10
148 11 10
146 11 10
145 11 10
145 12 9
144 12 10
143 12 10
142 12 10
141 12 10
139 12 10
138 11 10
137 12 9
137 12 9
136 12 9
134 12 9
134 12 9
133 12 9
133 12 10
133 11 10
133 11 10
133 10 10
134 8 10
134 7 10
134 5 10
134 4 10
134 3 10
134 2 10
134 1 10
134 0 10
134 0 9
134 -1 9
134 -2 10
134 -3 9
134 -4 9
134 -5 10
134 -7 10
134 -7 10
133 -9 9
134 -10 10
134 -11 10
133 -11 10
133 -12 10
133 -13 10
133 -14 10
133 -15 10
134 -17 10
134 -18 10
134 -19 10
134 -20 10
134 -21 10
135 -21 10
134 -22 10
134 -23 10
134 -24 10
134 -26 10
134 -27 10
135 -28 10
135 -29 10
135 -30 10
134 -30 10
134 -31 10
134 -32 9
133 -33 9
133 -34 8
133 -35 8
133 -35 8
134 -35 9
136 -36 9
138 -36 10
139 -36 10
140 -36 10
141 -35 10
142 -35 10
143 -35 10
143 -35 9
144 -35 9
145 -34 9
147 -34 9
148 -34 9
149 -34 10
150 -35 10
151 -34 10
152 -34 10
153 -34 9
153 -34 9
154 -34 9
156 -34 9
156 -34 9
157 -34 9
158 -34 9
159 -34 9
160 -34 9
161 -34 9
162 -34 9
163 -34 9
164 -34 9
165 -34 9
166 -34 9
167 -34 9
168 -34 9
169 -34 9
170 -34 9
171 -34 9
172 -34 9
173 -34 10
174 -34 9
175 -34 9
176 -34 9
177 -34 9
178 -34 9
178 -34 8
180 -34 9
181 -34 9
182 -34 9
183 -34 9
184 -34 9
185 -34 9
186 -34 9
187 -34 9
188 -34 9
188 -34 9
190 -35 9
191 -34 9
192 -35 9
193 -35 9
194 -35 9
195 -35 9
196 -34 9
197 -34 9
197 -34 9
198 -35 9
199 -35 9
200 -35 9
202 -35 9
203 -34 9
204 -34 9
205 -34 9
205 -34 9
206 -34 9
208 -34 9
209 -34 9
209 -35 9
211 -34 9
211 -35 9
212 -35 9
213 -35 9
213 -35 9
213 -34 9
213 -32 9
214 -31 9
213 -30 9
213 -28 8
213 -27 8
212 -26 8
212 -25 8
212 -24 8
212 -23 8
212 -22 9
212 -21 9
212 -20 9
212 -19 9
212 -18 10
212 -17 10
212 -17 9
212 -16 10
212 -15 10
212 -14 9
212 -13 9
212 -12 9
212 -11 9
212 -10 9
212 -9 9
212 -8 9
212 -7 9
212 -6 9
212 -5 9
213 -3 9
213 -2 9
212 -1 9
212 -1 9
212 0 9
212 0 9
212 1 9
213 2 9
212 3 9
212 4 9
213 5 9
213 6 9
212 7 9
213 8 9
212 9 9
212 10 9
212 11 9
212 12 9
212 12 9
212 12 9
212 12 9
212 12 10
213 12 12
214 12 13
215 12 16
215 12 18
215 12 20
215 12 20
215 12 21
215 12 20
214 12 20
213 12 20
212 12 21
211 12 23
210 11 24
209 11 24
208 11 25
207 11 25
206 11 26
205 11 26
204 10 26
203 10 26
203 9 27
202 9 28
201 9 28
200 9 29
199 9 30
198 8 30
197 8 30
197 8 31
196 8 32
195 8 32
195 7 33
194 7 34
193 7 35
192 7 35
191 7 36
191 7 36
190 6 37
189 6 37
188 6 37
188 6 38
186 6 39
186 5 40
185 5 40
184 5 41
183 5 41
183 5 42
181 5 42
181 4 43
180 4 43
179 4 44
178 4 44
178 3 46
177 3 46
176 3 47
176 3 48
175 3 48
174 2 48
173 2 49
172 2 49
171 2 50
170 2 51
170 2 51
169 2 52
168 1 53
168 1 53
167 1 54
166 1 55
165 1 55
165 1 56
164 0 56
163 0 56
162 0 57
161 0 58
160 0 58
160 0 59
