115 -16 62
115 -16 62
163 1 58
163 0 61
162 0 59
162 0 59
162 -1 58
161 -2 57
162 -2 56
164 -3 57
164 -3 56
165 -4 56
166 -4 56
167 -5 55
168 -5 55
168 -6 54
170 -7 54
169 -7 53
170 -8 53
172 -8 53
173 -9 53
173 -9 51
174 -10 52
174 -10 50
175 -11 51
175 -11 50
176 -11 50
177 -12 50
178 -13 49
179 -13 49
180 -14 48
180 -15 48
181 -15 47
182 -15 47
182 -15 46
183 -16 46
184 -17 46
185 -17 46
186 -18 45
186 -18 45
187 -19 45
188 -19 44
189 -20 44
189 -20 43
190 -21 43
191 -21 42
191 -22 42
192 -22 41
193 -23 41
193 -23 41
195 -24 41
195 -25 40
196 -25 39
197 -26 39
198 -26 39
198 -27 38
199 -28 38
199 -28 37
200 -28 37
201 -28 37
202 -30 37
203 -30 36
203 -30 35
204 -31 35
205 -31 34
205 -32 34
206 -32 33
207 -33 33
208 -33 33
208 -34 32
209 -34 32
210 -35 31
211 -36 32
211 -36 30
212 -36 31
213 -37 30
214 -38 30
214 -38 29
215 -38 29
214 -38 29
214 -38 27
215 -38 27
214 -38 25
214 -38 24
214 -38 23
214 -38 22
214 -38 21
214 -38 20
214 -38 19
214 -38 18
215 -38 18
214 -38 16
215 -38 16
215 -38 14
215 -38 14
215 -38 13
215 -38 12
215 -38 11
215 -38 10
215 -38 10
215 -39 10
213 -38 10
212 -39 10
211 -38 10
210 -38 10
209 -38 10
207 -38 9
207 -38 11
206 -38 10
204 -39 9
203 -38 10
202 -38 10
202 -38 10
201 -38 10
200 -38 10
199 -38 10
198 -39 10
197 -38 10
196 -38 10
195 -38 10
193 -38 10
193 -38 10
192 -39 10
190 -38 10
190 -38 10
189 -38 10
188 -38 10
187 -38 10
186 -38 10
184 -39 10
184 -38 10
183 -38 10
182 -38 10
181 -38 10
180 -38 10
179 -39 10
178 -38 10
177 -38 10
176 -38 10
175 -38 10
174 -39 10
173 -38 10
172 -38 10
171 -38 9
169 -38 10
169 -38 10
168 -39 10
167 -38 10
166 -38 10
165 -39 10
164 -38 10
163 -39 10
162 -38 10
161 -38 10
160 -38 9
159 -39 10
158 -38 10
157 -38 10
156 -38 10
155 -38 10
154 -38 10
153 -38 10
152 -38 10
151 -38 10
150 -38 10
149 -38 10
148 -38 9
147 -39 10
146 -38 10
145 -38 10
144 -38 9
143 -38 9
142 -38 10
141 -38 10
140 -38 9
139 -39 10
138 -39 9
137 -38 9
136 -38 9
135 -39 9
134 -38 9
133 -38 9
132 -38 9
132 -38 10
132 -38 9
132 -38 9
131 -38 9
131 -38 9
131 -38 9
131 -38 9
130 -38 9
130 -38 9
130 -38 9
130 -38 9
130 -37 10
129 -37 9
130 -36 10
130 -35 9
130 -34 9
129 -33 9
130 -32 9
130 -31 9
130 -30 9
129 -29 9
129 -28 9
130 -27 9
129 -26 9
129 -25 10
129 -24 9
130 -23 10
130 -22 9
130 -21 9
130 -20 9
130 -19 9
130 -18 9
129 -17 9
129 -16 9
130 -15 9
130 -14 9
129 -13 9
130 -12 10
130 -11 9
129 -10 9
129 -9 9
130 -8 9
130 -7 9
130 -6 9
130 -5 9
130 -4 9
130 -3 9
130 -2 9
129 -1 9
129 0 9
129 0 9
129 1 9
129 2 9
129 3 9
129 4 9
129 5 9
129 6 9
129 7 9
129 8 9
130 9 9
130 10 9
130 11 10
130 12 10
130 13 10
130 13 10
130 13 10
130 13 10
130 13 10
130 13 9
130 14 9
130 14 9
130 14 10
130 14 10
130 15 10
130 15 10
131 15 10
131 15 10
132 15 9
133 15 9
134 15 9
135 15 9
136 15 9
137 15 9
138 16 9
139 15 9
140 15 10
140 15 9
141 15 9
143 15 9
144 15 9
145 15 9
146 15 9
147 15 9
148 15 10
149 15 9
150 15 9
151 15 9
152 15 9
153 15 9
154 15 9
155 15 9
156 15 9
157 15 10
158 15 9
159 15 9
160 15 9
160 15 9
162 15 9
163 15 9
164 15 9
165 15 9
166 15 10
167 15 9
168 15 9
169 15 9
170 15 9
171 15 9
172 15 9
173 15 9
173 15 9
175 15 9
176 15 9
176 15 9
178 15 10
178 15 9
180 15 10
181 15 9
183 15 10
183 15 9
183 15 9
184 15 9
186 15 9
186 15 9
187 15 9
189 15 9
190 15 10
190 15 9
191 15 9
193 15 10
193 15 9
195 15 9
196 15 9
197 15 9
197 15 9
198 15 9
199 15 9
200 15 9
201 15 9
202 15 9
203 15 9
205 15 9
205 15 9
206 15 9
207 15 9
209 15 9
209 15 9
211 15 9
212 15 9
212 15 9
213 15 9
214 15 8
213 15 8
214 15 9
214 15 9
216 15 10
216 15 10
215 15 9
216 15 9
215 15 9
216 14 9
217 15 10
217 15 9
217 14 9
217 14 9
217 13 10
217 11 10
217 11 10
217 10 10
216 8 9
217 7 9
217 6 9
216 6 9
217 5 9
217 4 9
216 3 9
216 1 9
216 1 9
216 0 9
216 0 9
216 -1 9
216 -2 9
217 -3 9
217 -4 9
217 -5 9
217 -6 9
217 -7 9
216 -8 9
216 -9 9
216 -10 9
216 -11 9
216 -12 9
217 -13 10
216 -14 9
218 -15 10
218 -17 10
217 -17 10
217 -19 9
217 -19 9
217 -20 9
216 -21 9
216 -22 9
216 -23 9
217 -24 9
217 -25 9
217 -26 10
217 -27 10
217 -28 9
217 -29 9
217 -30 9
217 -31 9
217 -32 10
217 -33 9
216 -34 9
217 -34 9
217 -36 9
217 -36 9
216 -36 9
216 -36 9
217 -36 9
217 -37 9
217 -37 9
217 -38 9
217 -37 9
217 -38 9
217 -38 9
217 -38 9
215 -38 9
216 -38 9
216 -38 11
217 -38 12
216 -38 13
216 -38 13
216 -38 14
216 -38 15
215 -38 16
215 -38 17
215 -38 18
216 -38 20
215 -38 20
216 -38 21
215 -39 22
215 -38 23
215 -38 24
215 -38 25
215 -38 26
215 -38 26
215 -38 28
215 -38 28
215 -38 28
215 -38 28
214 -37 28
214 -36 28
215 -35 29
215 -33 28
215 -32 28
215 -31 28
215 -30 28
215 -30 29
215 -28 29
215 -27 28
215 -26 28
215 -25 28
215 -24 29
215 -23 29
214 -22 29
215 -21 29
215 -20 29
214 -19 29
215 -18 29
214 -18 29
214 -16 29
215 -16 29
214 -15 29
214 -14 29
214 -13 29
214 -11 28
214 -11 29
214 -10 28
214 -9 28
214 -8 29
214 -6 29
214 -6 29
214 -5 29
214 -4 29
214 -3 29
214 -2 29
214 -1 29
213 0 29
213 0 29
214 1 29
214 2 29
213 3 29
214 4 29
213 5 29
214 6 29
214 7 29
213 8 29
213 9 29
213 10 29
214 11 30
214 11 30
213 11 29
213 11 28
213 11 27
213 11 25
213 11 24
213 11 23
213 11 22
213 11 21
212 11 20
213 11 19
213 11 18
213 11 17
213 11 16
213 11 15
214 11 15
213 11 14
213 11 13
213 11 12
213 11 11
213 11 10
213 11 10
214 12 10
212 12 10
210 11 10
209 11 10
208 11 10
207 11 10
206 12 10
205 12 10
204 12 10
203 12 10
202 11 10
202 11 10
200 12 10
199 11 10
198 11 10
198 11 11
196 12 10
195 12 10
194 11 10
193 11 10
192 11 10
191 12 10
190 11 10
190 11 10
188 11 10
187 11 10
187 12 10
185 11 10
184 11 10
183 11 10
182 12 10
181 11 10
180 11 10
179 11 10
178 12 10
177 12 10
176 12 10
175 12 10
174 12 9
174 11 10
173 11 10
171 11 10
170 11 10
170 12 10
169 11 10
168 11 10
166 12 9
166 11 10
165 11 10
163 12 10
163 12 10
161 12 9
161 11 10
160 12 10
159 12 10
157 11 9
156 12 10
156 12 10
155 11 10
154 12 10
153 11 9
152 11 10
151 12 10
150 12 10
149 11 10
148 12 10
147 12 10
146 12 9
145 12 10
144 11 10
142 12 9
142 12 9
141 11 9
140 12 10
138 11 9
138 11 10
137 12 9
136 11 9
134 12 9
133 12 9
133 12 9
134 11 9
134 10 9
134 9 9
134 8 9
134 6 9
134 6 9
134 4 9
134 3 9
134 2 9
134 2 9
134 1 9
134 0 9
134 -1 9
134 -1 9
134 -3 9
134 -3 9
134 -4 9
133 -5 9
133 -6 9
133 -7 9
133 -9 9
133 -10 9
133 -10 9
133 -11 9
134 -12 9
134 -13 9
134 -14 9
134 -15 9
134 -16 10
133 -17 9
134 -18 10
134 -19 10
134 -20 10
134 -21 10
133 -22 9
133 -23 10
133 -24 10
134 -25 10
133 -26 9
133 -27 9
133 -28 9
133 -29 9
133 -30 9
133 -31 9
133 -32 9
133 -33 9
133 -34 9
133 -34 9
134 -34 9
135 -34 9
136 -34 10
137 -34 9
138 -34 9
139 -34 9
140 -34 10
141 -34 9
143 -34 10
143 -34 9
145 -34 9
146 -34 10
147 -34 9
147 -34 9
148 -34 10
149 -34 9
150 -34 9
151 -34 9
153 -34 10
153 -34 9
154 -34 9
155 -34 9
156 -34 9
157 -34 9
158 -34 10
159 -34 9
160 -34 10
161 -34 9
162 -34 9
163 -34 9
164 -34 9
165 -34 9
166 -34 9
167 -34 9
168 -34 9
169 -34 9
170 -34 9
171 -34 9
172 -34 9
173 -34 9
174 -34 10
175 -34 10
175 -34 9
177 -34 10
178 -34 9
179 -34 10
180 -35 9
181 -34 9
182 -34 9
183 -34 9
184 -34 9
185 -34 9
186 -34 9
187 -34 10
188 -35 9
189 -34 9
190 -35 9
190 -34 9
192 -35 9
193 -35 9
194 -34 9
195 -34 9
196 -34 9
196 -35 9
198 -35 9
199 -35 9
200 -35 9
201 -34 9
202 -35 9
203 -35 9
204 -34 9
204 -34 9
205 -35 9
207 -35 9
207 -35 9
209 -35 10
209 -35 9
211 -35 10
211 -35 9
212 -35 9
212 -35 9
213 -33 9
213 -33 9
213 -31 9
212 -30 9
212 -29 9
212 -28 9
213 -27 10
212 -26 9
213 -25 10
212 -24 9
212 -23 9
212 -22 9
212 -21 9
213 -21 9
212 -20 9
212 -19 9
212 -18 9
213 -17 9
213 -16 9
212 -15 9
213 -14 9
213 -13 10
213 -12 10
213 -11 10
213 -10 10
213 -9 10
213 -8 10
213 -7 10
213 -5 10
213 -5 10
213 -4 10
213 -3 10
213 -2 9
213 -1 9
213 0 9
213 0 9
213 1 9
213 2 9
213 3 9
213 4 9
213 5 9
213 6 9
213 7 9
213 8 9
213 9 9
213 10 9
213 11 9
213 11 9
213 11 10
213 11 11
214 11 12
214 11 13
214 11 15
214 11 15
214 11 17
214 11 17
214 11 19
213 11 19
214 11 20
213 11 21
213 11 22
213 11 23
214 11 24
213 11 25
213 11 26
214 11 27
213 11 27
213 11 28
213 11 28
212 11 29
211 11 29
210 11 30
209 11 30
209 11 31
208 11 31
207 11 31
206 10 32
205 10 33
205 10 33
204 10 34
202 9 34
202 9 35
201 9 35
200 9 35
200 8 37
199 8 37
198 8 37
197 8 38
196 8 38
196 8 39
195 7 39
194 7 40
192 7 40
192 7 41
191 7 41
190 6 41
189 6 42
188 6 43
188 6 43
187 6 44
186 5 44
185 5 44
185 5 45
183 5 45
183 5 46
182 5 46
181 4 47
181 4 48
179 4 48
179 4 48
178 4 49
177 3 50
176 3 50
175 3 50
174 3 51
173 3 51
173 2 52
172 2 52
171 2 53
170 2 53
169 1 54
168 1 54
168 1 55
167 1 55
166 1 56
165 1 56
164 0 57
164 0 57
162 0 57
161 0 58
161 0 58
160 0 59
