159 0 59
159 0 59
159 0 59
159 0 59
159 0 59
160 0 58
161 0 57
162 0 57
162 -1 56
163 -2 57
164 -3 56
165 -3 56
165 -4 55
166 -4 55
167 -5 54
168 -6 54
169 -6 53
170 -7 53
171 -7 53
171 -8 53
172 -9 53
173 -9 52
174 -9 51
174 -10 50
175 -11 50
175 -11 50
176 -12 50
177 -12 49
178 -13 49
179 -13 49
180 -14 48
181 -14 48
181 -15 47
182 -15 47
183 -16 46
183 -16 46
184 -17 46
185 -17 45
186 -18 45
187 -18 45
187 -19 44
188 -20 44
189 -20 44
189 -21 43
190 -21 42
191 -22 42
191 -22 41
192 -23 41
193 -23 41
194 -24 40
195 -25 40
196 -25 40
197 -25 39
197 -26 39
198 -26 38
198 -27 38
199 -27 37
200 -28 37
200 -28 37
202 -29 36
202 -30 36
203 -30 36
204 -30 36
205 -31 35
205 -32 34
206 -32 34
206 -32 34
207 -33 33
208 -33 33
209 -34 32
210 -35 32
210 -35 31
211 -36 32
212 -36 31
212 -36 30
213 -37 30
214 -38 29
215 -38 29
215 -38 29
215 -38 29
215 -39 28
215 -39 27
214 -39 26
214 -38 24
215 -38 23
214 -38 22
215 -39 21
215 -38 21
214 -38 19
214 -38 18
214 -38 17
214 -38 16
214 -38 15
214 -38 14
214 -38 13
214 -38 12
214 -38 11
214 -38 10
214 -38 9
214 -38 9
214 -38 9
215 -39 9
214 -38 9
213 -38 9
211 -38 9
210 -38 10
208 -38 9
207 -39 10
206 -39 9
205 -39 10
204 -38 9
202 -38 9
201 -38 9
200 -38 9
200 -38 10
199 -38 10
198 -38 10
196 -38 10
196 -38 10
195 -38 10
194 -38 10
193 -39 10
192 -38 10
190 -38 10
189 -38 10
189 -38 10
188 -38 10
187 -38 10
186 -38 10
185 -38 10
184 -38 10
182 -39 10
182 -38 10
181 -38 10
180 -38 10
179 -38 10
178 -38 10
177 -38 10
176 -39 10
175 -38 10
173 -38 10
173 -38 10
172 -38 10
171 -38 10
170 -38 10
169 -38 10
168 -38 10
166 -38 10
165 -38 10
165 -38 10
164 -38 10
162 -38 10
162 -38 10
161 -38 10
160 -38 10
158 -39 10
158 -38 10
156 -38 9
156 -38 10
155 -38 10
154 -38 10
153 -38 10
152 -38 10
151 -38 9
150 -38 10
149 -38 10
148 -38 10
147 -38 10
146 -38 10
145 -38 9
144 -38 10
143 -38 10
142 -38 9
141 -38 10
140 -38 10
139 -38 10
138 -38 10
137 -38 10
136 -38 10
135 -38 10
134 -38 9
133 -38 10
132 -38 9
131 -38 9
131 -38 9
131 -38 10
131 -38 9
131 -38 9
130 -38 9
130 -38 9
130 -38 9
130 -38 9
130 -38 9
129 -38 9
129 -38 9
129 -38 10
129 -38 9
129 -37 10
129 -36 10
130 -34 10
130 -33 9
130 -32 9
130 -30 9
129 -29 9
129 -28 9
130 -27 9
130 -26 9
130 -25 9
129 -24 9
129 -23 9
129 -22 9
129 -21 9
129 -20 9
129 -19 9
130 -18 9
129 -17 9
129 -16 9
129 -15 9
129 -14 9
130 -13 10
130 -12 10
130 -11 9
129 -10 9
130 -9 9
129 -8 9
129 -7 9
130 -6 9
129 -5 9
129 -4 9
129 -3 9
129 -2 9
129 -1 9
129 0 9
129 0 9
129 1 9
130 2 10
129 3 9
129 4 9
129 5 9
129 6 9
129 7 10
129 8 9
129 9 9
129 10 9
129 11 9
129 12 9
129 13 9
129 13 9
129 14 9
129 14 9
129 14 9
130 14 10
130 14 10
130 14 10
130 15 10
130 15 10
131 15 10
131 15 10
131 15 10
132 15 10
132 15 10
133 15 10
135 16 11
136 15 10
137 16 10
138 16 10
139 16 10
140 16 10
141 16 10
142 16 10
142 16 9
143 16 10
144 16 9
145 16 10
146 16 10
147 16 10
148 16 9
149 16 9
150 15 9
151 15 9
152 15 9
153 15 9
154 15 9
155 15 9
156 15 9
157 15 10
158 15 10
159 15 9
160 15 9
161 15 9
161 15 9
162 15 9
163 15 9
165 15 9
166 15 10
167 15 9
168 15 9
169 15 9
170 15 9
171 15 9
172 15 9
173 15 9
174 15 9
174 15 9
176 15 9
176 15 9
177 15 9
178 15 9
179 15 9
181 15 9
182 15 9
183 15 9
183 15 9
184 15 9
186 15 9
186 15 9
188 15 9
189 15 9
190 15 9
190 15 9
191 15 9
193 15 9
194 15 9
194 15 9
195 15 9
196 15 9
197 15 9
198 15 9
199 15 9
200 15 9
201 15 9
202 15 9
203 15 9
204 15 9
205 15 9
206 15 9
207 15 9
208 15 9
209 15 9
210 15 9
212 15 9
212 15 9
213 15 9
214 15 9
215 15 9
215 15 9
215 15 9
215 15 9
216 15 9
216 15 9
216 15 9
216 15 9
217 15 9
216 15 9
216 15 9
217 15 9
217 14 9
217 14 9
218 12 10
217 11 9
217 10 9
217 8 9
217 7 9
217 6 9
218 6 9
218 5 9
217 4 9
217 3 9
217 2 9
217 1 9
217 0 9
217 0 9
217 -1 9
217 -2 9
217 -3 9
216 -4 9
216 -5 9
217 -6 9
216 -7 9
216 -8 8
216 -9 8
217 -10 9
216 -11 8
216 -12 9
216 -13 9
216 -14 9
216 -15 9
216 -16 9
216 -17 9
216 -18 9
216 -19 9
215 -20 9
216 -21 9
216 -22 9
216 -23 9
217 -24 9
217 -25 10
217 -26 10
217 -27 10
216 -28 9
216 -29 9
217 -30 10
217 -31 10
217 -32 10
217 -34 10
217 -34 10
217 -35 10
217 -36 9
217 -37 9
217 -37 9
217 -37 9
217 -37 9
217 -37 9
217 -37 9
217 -37 9
217 -38 9
217 -38 9
216 -38 9
217 -38 9
217 -38 9
217 -38 9
217 -39 10
216 -38 10
216 -38 11
216 -38 13
216 -38 14
216 -39 15
216 -38 16
216 -38 17
216 -38 18
215 -38 19
215 -39 20
215 -38 21
215 -38 22
215 -38 23
215 -38 24
215 -38 25
216 -38 26
215 -38 26
215 -38 28
215 -38 29
215 -38 29
215 -38 29
214 -38 29
214 -38 28
214 -37 28
214 -36 28
214 -35 28
214 -33 28
214 -32 28
214 -30 28
214 -29 28
214 -28 28
214 -27 28
214 -26 28
214 -25 29
214 -24 29
214 -23 29
214 -22 29
214 -20 29
214 -19 28
214 -18 29
214 -17 29
214 -17 29
214 -16 29
214 -15 29
214 -14 29
214 -13 29
214 -11 29
214 -10 29
214 -9 29
214 -9 29
214 -7 28
214 -7 29
214 -6 29
214 -5 29
214 -4 29
214 -3 29
214 -2 29
214 -1 29
214 0 29
214 0 29
214 1 29
213 2 29
214 3 29
214 4 29
213 5 29
213 6 29
213 7 29
213 8 29
213 9 29
213 10 29
213 11 29
213 12 29
213 12 29
214 12 29
214 12 28
214 12 27
213 12 26
213 12 24
213 12 23
213 12 23
213 12 22
213 12 20
213 12 19
213 12 18
213 12 17
213 12 16
212 12 14
212 12 13
212 12 12
212 12 11
212 12 11
212 12 9
212 12 9
212 12 9
213 12 9
212 12 10
211 12 10
209 12 10
208 11 10
207 12 10
205 11 9
204 11 9
203 11 9
202 11 10
201 11 10
200 11 10
199 11 10
198 11 9
197 11 10
196 11 10
195 11 10
194 11 10
193 11 10
192 11 10
191 11 10
190 11 10
189 11 10
188 10 10
187 10 10
186 11 10
185 11 10
184 11 10
183 11 10
182 11 10
181 11 10
180 11 10
179 11 10
179 11 10
177 11 10
176 11 10
175 11 10
174 12 10
173 12 10
172 11 10
171 11 10
170 11 10
170 12 10
169 11 10
167 12 10
166 12 10
166 11 10
164 11 10
163 12 10
162 12 10
162 11 10
160 11 10
160 12 10
159 12 10
158 12 10
156 12 10
155 11 10
155 11 10
154 11 10
153 11 10
151 11 9
150 12 10
150 11 10
149 11 10
148 11 10
147 11 10
145 11 10
145 12 10
144 12 10
143 12 10
142 12 10
141 12 10
140 12 10
139 12 10
137 12 10
137 12 9
136 11 10
135 11 10
134 11 10
133 12 10
133 12 9
133 11 9
133 11 10
133 10 9
133 8 10
133 6 9
134 5 10
134 4 10
133 3 9
134 2 10
134 1 9
134 0 10
134 0 9
134 -1 9
134 -2 10
134 -3 10
133 -4 9
134 -5 10
133 -6 9
133 -8 10
133 -8 10
133 -10 9
133 -11 10
133 -11 9
133 -12 9
133 -13 10
133 -14 9
133 -15 10
134 -16 10
134 -18 10
134 -19 10
134 -19 10
134 -21 10
134 -21 10
134 -22 10
134 -23 10
134 -24 10
134 -26 10
134 -26 10
134 -28 10
134 -29 10
133 -29 10
134 -30 10
133 -31 10
133 -32 10
134 -33 10
134 -34 10
134 -35 10
134 -35 9
135 -35 9
136 -35 9
137 -36 9
138 -35 9
139 -35 9
140 -35 9
141 -35 9
142 -35 10
144 -35 9
144 -34 9
145 -34 9
147 -34 9
147 -34 9
148 -34 9
149 -34 9
150 -34 9
151 -34 9
152 -34 9
153 -34 9
154 -34 9
155 -34 9
156 -34 9
157 -34 9
158 -34 9
159 -34 9
160 -34 9
161 -34 9
162 -34 9
163 -34 9
164 -34 9
165 -34 9
166 -34 9
167 -34 9
168 -34 9
169 -34 9
170 -34 9
171 -34 9
172 -34 9
173 -34 9
174 -34 9
175 -34 9
176 -34 9
177 -34 9
178 -34 9
179 -34 9
180 -35 9
181 -34 9
182 -34 9
183 -34 9
184 -34 9
185 -34 9
186 -34 9
187 -34 9
188 -34 9
188 -34 9
190 -35 9
191 -35 9
191 -35 9
192 -34 9
194 -35 9
195 -35 9
196 -34 9
196 -34 9
198 -34 9
199 -35 9
200 -35 9
201 -35 9
202 -35 9
203 -34 9
204 -35 9
205 -34 9
205 -34 9
206 -34 9
207 -35 9
209 -35 9
209 -35 9
210 -35 9
211 -35 9
212 -34 9
213 -35 9
213 -34 9
213 -34 9
213 -33 9
214 -31 9
214 -30 9
214 -29 9
213 -27 9
213 -26 8
212 -25 8
212 -24 8
212 -23 8
212 -22 8
212 -21 8
212 -20 8
212 -19 8
212 -18 8
212 -18 9
212 -17 9
213 -16 9
212 -15 9
212 -14 9
212 -13 9
213 -12 9
213 -11 9
212 -10 9
212 -9 9
212 -8 9
213 -7 9
213 -6 9
213 -5 9
213 -3 9
213 -2 9
212 -1 9
213 -1 9
213 0 9
213 0 9
213 1 9
213 2 9
213 3 9
213 4 9
213 5 9
213 6 9
212 7 9
212 8 9
213 9 9
213 10 9
212 11 9
213 12 9
213 12 10
213 12 10
213 12 12
214 12 13
214 12 15
214 12 16
214 12 17
214 12 17
214 12 18
214 12 20
214 12 21
214 12 22
214 12 22
214 12 23
214 12 24
214 12 26
214 12 26
214 12 27
214 12 28
214 12 29
214 12 30
214 12 30
212 12 30
211 12 31
210 11 31
209 11 32
208 11 32
207 11 32
206 11 32
205 10 33
204 10 34
203 10 34
202 9 34
202 9 35
201 9 35
200 9 36
199 9 36
198 8 37
198 8 37
197 8 38
196 8 38
195 8 39
194 8 39
193 7 40
192 7 40
192 7 40
191 7 41
190 6 42
189 6 42
188 6 42
187 6 43
187 6 44
186 6 44
185 5 45
184 5 45
183 5 46
183 5 46
182 5 46
181 4 47
180 4 48
180 4 48
179 4 49
178 3 49
177 3 50
176 3 50
175 3 51
174 2 51
174 2 51
173 3 52
172 2 52
171 2 53
170 2 53
169 2 54
168 1 54
168 1 55
167 1 56
166 1 56
165 1 56
164 0 57
163 0 58
163 0 58
162 0 58
161 0 59
160 0 59
