115 0 55
115 0 55
130 0 55
154 0 60
163 0 58
164 -1 55
164 -1 56
165 -1 58
165 -1 58
166 -2 58
166 -3 57
166 -4 57
167 -4 58
168 -5 57
169 -5 56
169 -6 55
170 -6 54
170 -7 53
171 -7 53
172 -8 53
173 -9 53
174 -9 53
174 -9 52
174 -10 51
175 -11 50
175 -11 50
176 -12 49
177 -12 49
178 -13 49
179 -13 49
180 -14 48
181 -15 48
181 -15 47
182 -16 47
183 -16 46
183 -16 46
184 -17 45
185 -17 45
186 -18 45
187 -19 45
188 -19 45
188 -20 44
189 -20 44
190 -21 43
190 -21 42
191 -22 42
192 -22 41
192 -23 41
193 -23 41
194 -24 41
195 -25 40
196 -25 40
197 -25 39
198 -26 39
198 -26 39
199 -27 38
199 -28 38
200 -28 37
201 -28 37
202 -29 37
203 -30 36
203 -30 36
204 -30 36
205 -31 35
205 -32 34
206 -32 34
206 -32 33
207 -33 33
208 -33 32
209 -34 33
210 -35 32
210 -35 31
211 -36 31
212 -36 31
212 -36 30
213 -37 30
214 -37 29
214 -38 29
215 -38 29
215 -39 28
215 -38 28
214 -38 27
214 -38 26
214 -38 24
214 -38 23
214 -38 22
214 -38 21
214 -38 20
214 -38 19
214 -38 18
214 -38 17
214 -38 16
214 -38 15
214 -38 14
214 -38 13
213 -38 12
214 -38 11
214 -38 10
214 -38 9
214 -38 8
214 -38 8
214 -38 9
214 -38 9
212 -38 8
211 -38 9
210 -38 9
209 -38 9
208 -38 10
206 -39 10
205 -39 10
204 -39 10
203 -39 10
202 -38 9
200 -38 9
200 -38 10
199 -38 10
198 -38 10
197 -38 10
196 -38 10
195 -39 10
194 -38 10
192 -38 10
192 -38 10
191 -38 10
190 -38 10
189 -38 10
188 -38 10
186 -38 10
186 -38 10
185 -38 10
184 -39 10
183 -39 11
182 -38 10
181 -38 10
180 -38 10
179 -38 10
178 -38 10
177 -38 10
176 -39 10
175 -38 10
174 -38 10
173 -38 10
172 -38 10
170 -38 10
170 -38 10
168 -38 10
168 -38 10
166 -38 9
166 -38 10
165 -38 10
164 -38 10
163 -38 10
162 -38 10
161 -39 10
160 -38 10
158 -39 10
158 -38 10
156 -38 9
155 -38 9
155 -38 10
154 -38 10
153 -38 10
152 -38 10
151 -38 10
150 -38 10
149 -38 10
148 -38 10
147 -38 10
146 -38 10
145 -38 9
144 -38 10
143 -38 10
142 -38 9
141 -38 10
140 -38 10
139 -38 10
138 -39 10
137 -38 10
136 -38 10
135 -38 10
134 -38 9
133 -38 10
132 -38 9
131 -38 9
131 -38 10
131 -38 9
131 -38 10
131 -38 10
130 -38 9
131 -38 10
130 -38 10
130 -38 9
129 -38 9
129 -38 9
130 -38 9
129 -38 9
129 -38 9
129 -37 9
129 -36 9
129 -34 9
130 -33 9
130 -32 9
129 -31 9
129 -29 9
129 -28 9
130 -27 9
130 -26 9
130 -25 9
130 -24 9
129 -23 9
129 -22 9
129 -21 9
129 -20 9
129 -19 9
129 -18 9
129 -17 9
129 -16 9
130 -15 9
130 -14 9
130 -13 10
130 -12 9
130 -11 9
129 -10 9
130 -9 9
129 -8 9
129 -7 9
130 -6 9
130 -5 9
129 -4 9
129 -3 9
129 -2 9
129 -1 9
129 0 9
129 0 9
129 1 9
129 2 9
130 3 10
129 4 9
129 5 9
129 6 9
129 7 9
129 8 9
129 9 9
129 10 9
129 11 9
129 12 9
129 13 9
129 13 9
129 14 9
129 14 9
129 14 10
130 14 10
130 14 10
130 14 10
130 15 10
130 15 10
131 15 10
131 15 10
132 15 10
132 15 10
133 15 11
134 15 11
135 16 11
137 16 11
138 16 11
139 16 11
139 16 10
140 16 10
141 16 10
142 16 10
142 16 10
143 16 10
144 16 9
145 16 9
146 16 9
147 16 9
148 16 9
149 16 9
150 15 9
151 15 9
152 15 9
153 15 9
154 15 9
155 16 9
156 15 9
157 15 9
158 15 10
159 15 9
160 15 9
161 15 9
161 15 9
162 15 9
163 15 9
165 15 9
166 15 9
167 15 10
168 15 10
169 15 9
170 15 9
171 15 9
172 15 9
173 15 9
174 15 9
174 15 9
176 15 9
176 15 9
177 15 9
178 15 9
179 15 9
180 15 9
182 15 9
183 15 9
184 15 9
184 15 9
186 15 9
186 15 9
188 15 9
189 15 9
190 15 9
190 15 9
191 15 9
192 15 9
193 15 9
194 15 9
196 15 9
196 15 9
198 15 9
198 15 9
199 15 9
200 15 9
201 15 9
202 15 9
203 15 9
204 15 9
206 15 9
206 15 9
207 15 9
208 15 9
209 15 9
210 15 9
212 15 9
212 15 9
213 15 9
214 15 9
214 15 8
215 15 8
215 15 8
215 15 9
216 15 9
216 15 9
216 15 9
216 15 9
216 15 9
216 15 9
216 15 9
216 15 9
217 14 9
217 13 9
217 12 9
217 11 9
218 10 9
217 8 9
217 7 9
217 6 9
218 6 9
218 5 9
217 4 9
217 3 9
217 2 9
217 1 9
217 0 9
217 -1 9
217 -1 9
217 -2 9
216 -3 9
216 -4 9
216 -5 9
217 -6 9
216 -7 9
216 -8 9
216 -9 9
216 -10 9
217 -11 9
216 -12 9
216 -13 9
216 -14 9
216 -15 9
216 -16 9
216 -17 9
216 -18 9
216 -19 9
216 -20 9
216 -21 9
216 -22 9
217 -23 10
217 -24 10
217 -25 10
217 -26 10
217 -27 10
217 -28 10
217 -29 9
217 -30 9
217 -31 9
217 -32 10
217 -34 10
217 -34 9
217 -35 9
217 -36 9
217 -37 9
217 -37 9
217 -37 9
217 -37 9
217 -37 9
217 -37 9
217 -37 9
217 -38 9
216 -38 9
216 -38 9
216 -38 9
216 -38 9
216 -38 9
216 -38 9
216 -38 9
216 -38 10
216 -38 11
216 -38 13
216 -39 15
216 -38 16
216 -38 18
216 -38 18
216 -38 19
215 -38 19
215 -38 21
216 -38 22
215 -38 23
216 -38 24
216 -38 25
216 -38 26
215 -38 27
215 -38 28
215 -38 29
215 -38 29
215 -38 29
215 -38 29
214 -38 29
214 -37 29
214 -36 29
214 -35 28
213 -33 28
213 -32 28
214 -30 28
213 -29 27
213 -28 27
213 -27 27
214 -26 28
214 -25 28
214 -24 29
214 -23 29
214 -21 29
214 -20 29
214 -19 29
214 -18 29
214 -17 28
214 -17 29
214 -16 29
214 -15 29
214 -14 29
214 -13 29
214 -11 29
214 -11 29
214 -10 29
214 -9 28
214 -8 29
214 -7 29
214 -6 29
213 -5 28
214 -4 29
214 -3 29
214 -2 29
214 -1 29
214 0 29
213 0 29
214 1 29
214 2 29
214 3 29
214 4 29
214 5 29
214 6 29
213 7 29
213 8 29
213 9 29
213 10 29
213 11 29
213 12 29
213 12 29
214 12 29
214 12 29
214 12 28
214 12 27
213 12 25
213 12 23
213 12 22
213 12 21
213 12 20
213 12 19
213 12 18
212 12 16
212 12 15
212 12 14
212 12 13
212 12 12
212 12 11
212 12 10
212 12 9
212 12 8
212 12 9
212 12 8
212 12 9
210 11 9
209 11 9
207 11 9
207 12 9
205 11 9
204 11 10
203 11 9
202 11 9
201 11 9
200 11 10
199 11 10
198 11 10
197 11 10
196 11 10
195 11 10
194 11 10
193 11 10
192 11 10
191 11 10
190 11 10
189 11 10
188 11 10
187 10 10
186 11 10
185 11 10
185 11 10
183 11 10
182 11 10
181 11 10
180 11 10
179 11 10
178 11 10
177 11 10
176 11 10
175 11 10
174 12 10
173 11 10
172 12 10
171 12 10
170 12 10
170 12 10
169 11 10
168 11 10
167 11 10
166 11 10
164 12 10
163 12 10
162 11 10
162 11 10
160 12 10
159 12 10
159 12 10
157 11 10
156 12 10
155 11 10
154 11 10
153 11 10
152 11 10
152 12 10
150 12 10
150 12 10
149 11 10
148 11 10
147 12 10
145 11 10
145 12 10
144 12 10
143 12 10
142 12 10
141 12 10
139 12 10
139 11 10
138 11 10
136 12 10
136 12 10
135 12 10
134 12 10
133 12 10
133 12 10
133 11 10
133 11 9
133 10 9
134 8 10
133 6 9
134 5 10
134 4 9
134 3 10
134 2 10
134 1 10
134 0 10
134 0 10
134 -1 10
134 -2 10
134 -3 10
134 -4 9
134 -5 10
134 -6 10
134 -8 10
134 -9 10
133 -10 9
133 -11 9
133 -11 10
134 -12 10
133 -14 10
134 -14 10
134 -15 10
134 -17 10
134 -18 10
134 -19 10
134 -19 10
134 -21 10
134 -21 10
134 -22 10
134 -23 10
134 -24 10
134 -25 10
134 -26 10
134 -28 10
134 -29 10
134 -30 10
134 -30 10
134 -31 10
133 -32 10
134 -33 9
133 -34 9
133 -35 9
133 -35 9
135 -35 9
136 -35 10
137 -36 10
138 -36 9
139 -35 9
140 -35 9
141 -35 9
142 -35 9
143 -35 9
144 -35 9
146 -34 9
147 -34 9
147 -34 9
148 -34 9
149 -34 9
150 -34 9
151 -34 9
152 -34 9
153 -34 9
154 -34 9
155 -34 9
156 -34 9
157 -34 9
158 -34 9
159 -34 9
160 -34 9
161 -34 9
162 -34 9
163 -34 9
164 -34 9
165 -34 9
166 -34 9
167 -34 9
168 -34 9
169 -34 9
170 -34 9
171 -34 9
172 -34 9
173 -34 9
174 -34 9
175 -34 9
176 -34 9
177 -34 9
178 -34 9
179 -34 9
180 -34 9
181 -34 9
182 -34 9
183 -34 9
184 -34 9
185 -34 9
186 -34 9
187 -34 9
188 -34 9
189 -34 9
190 -34 9
191 -34 9
192 -35 9
193 -35 9
193 -35 9
195 -35 9
195 -34 9
196 -34 9
198 -34 9
198 -35 9
199 -35 9
200 -35 9
202 -35 9
203 -34 9
204 -34 9
205 -34 9
205 -34 9
206 -34 9
208 -35 9
208 -35 9
210 -35 9
210 -35 9
211 -35 9
212 -34 9
213 -35 9
213 -34 9
213 -33 9
213 -33 9
213 -31 9
213 -30 8
213 -28 8
213 -27 8
212 -26 8
212 -25 8
212 -24 8
212 -23 8
211 -22 8
211 -21 8
211 -20 8
211 -19 8
212 -19 8
212 -18 9
212 -17 9
212 -16 9
212 -15 9
212 -14 9
212 -13 9
212 -12 9
212 -11 9
212 -10 9
212 -9 9
213 -8 9
213 -7 9
213 -6 9
212 -5 9
213 -3 9
213 -2 9
213 -1 9
213 -1 9
213 0 9
213 0 9
213 1 10
213 2 9
213 3 9
213 4 9
213 5 10
213 6 10
213 7 10
213 8 10
213 9 10
213 10 9
213 11 10
213 12 10
213 12 9
213 12 10
213 12 11
214 12 12
214 12 14
215 12 16
215 12 17
214 12 18
214 12 18
214 12 19
214 12 20
214 12 22
214 12 23
214 12 24
214 12 25
214 12 26
214 12 26
214 12 27
214 12 28
214 12 30
214 12 30
213 12 30
212 12 30
211 12 30
210 11 31
209 11 32
208 11 32
207 11 32
205 11 32
204 10 33
204 10 33
203 9 34
202 9 34
201 9 34
201 9 35
200 9 36
199 9 37
198 8 37
197 8 37
197 8 38
196 8 38
195 8 39
194 8 40
193 7 40
192 7 40
191 7 40
191 7 41
190 6 41
189 6 42
188 6 42
187 6 43
187 6 43
186 6 44
185 5 45
184 5 45
183 5 46
183 5 46
182 4 46
181 4 47
180 4 48
180 4 48
179 4 49
178 4 49
177 3 50
176 3 50
176 3 51
175 3 51
174 2 51
173 2 52
172 2 52
171 2 53
170 2 53
170 2 54
169 1 55
168 1 55
167 1 56
166 1 56
165 1 56
164 0 57
164 0 57
163 0 58
162 0 58
161 0 59
160 0 59
