160 0 60
160 0 60
160 0 59
161 -1 59
162 -1 58
162 -2 58
163 -2 58
164 -3 57
165 -3 57
165 -4 56
166 -4 56
167 -5 56
168 -5 55
168 -6 55
169 -6 54
170 -7 54
171 -7 54
171 -8 53
172 -8 53
173 -9 52
174 -9 52
174 -10 52
175 -10 51
176 -11 51
177 -11 50
177 -12 50
178 -12 50
179 -13 49
180 -13 49
180 -14 48
181 -15 48
182 -15 48
183 -16 47
183 -16 47
184 -17 46
185 -17 46
186 -18 46
186 -18 45
187 -19 45
188 -19 44
189 -20 44
189 -20 44
190 -21 43
191 -21 43
192 -22 42
192 -22 42
193 -23 42
194 -23 41
194 -24 41
195 -24 40
196 -25 40
197 -25 40
197 -26 39
198 -26 39
199 -27 38
200 -27 38
200 -28 38
201 -28 37
202 -29 37
203 -30 36
203 -30 36
204 -31 36
205 -31 35
206 -32 35
206 -32 34
207 -33 34
208 -33 34
209 -34 33
209 -34 33
210 -35 32
211 -35 32
212 -36 32
212 -36 31
213 -37 31
214 -37 30
215 -38 30
215 -38 30
215 -38 29
215 -38 28
215 -38 27
215 -38 26
215 -38 25
215 -38 24
215 -38 23
215 -38 22
215 -38 21
215 -38 20
215 -38 19
215 -38 18
215 -38 17
215 -38 16
215 -38 15
215 -38 14
215 -38 13
215 -38 12
215 -38 11
215 -38 10
215 -38 10
214 -38 10
213 -38 10
212 -38 10
211 -38 10
210 -38 10
209 -38 10
208 -38 10
207 -38 10
206 -38 10
205 -38 10
204 -38 10
203 -38 10
202 -38 10
201 -38 10
200 -38 10
199 -38 10
198 -38 10
197 -38 10
196 -38 10
195 -38 10
194 -38 10
193 -38 10
192 -38 10
191 -38 10
190 -38 10
189 -38 10
188 -38 10
187 -38 10
186 -38 10
185 -38 10
184 -38 10
183 -38 10
182 -38 10
181 -38 10
180 -38 10
179 -38 10
178 -38 10
177 -38 10
176 -38 10
175 -38 10
174 -38 10
173 -38 10
172 -38 10
171 -38 10
170 -38 10
169 -38 10
168 -38 10
167 -38 10
166 -38 10
165 -38 10
164 -38 10
163 -38 10
163 -38 10
162 -38 10
161 -38 10
160 -38 10
159 -38 10
158 -38 10
157 -38 10
156 -38 10
155 -38 10
154 -38 10
153 -38 10
152 -38 10
151 -38 10
150 -38 10
149 -38 10
148 -38 10
147 -38 10
146 -38 10
145 -38 10
144 -38 10
143 -38 10
142 -38 10
141 -38 10
140 -38 10
139 -38 10
138 -38 10
137 -38 10
136 -38 10
135 -38 10
134 -38 10
133 -38 10
133 -38 10
132 -38 10
132 -38 10
132 -38 10
132 -38 10
131 -38 10
131 -38 10
131 -38 10
131 -38 10
130 -38 10
130 -38 10
130 -37 10
130 -37 10
130 -36 10
130 -35 10
130 -34 10
130 -33 10
130 -32 10
130 -31 10
130 -30 10
130 -29 10
130 -28 10
130 -27 10
130 -26 10
130 -25 10
130 -24 10
130 -23 10
130 -22 10
130 -21 10
130 -20 10
130 -19 10
130 -18 10
130 -17 10
130 -16 10
130 -15 10
130 -14 10
130 -13 10
130 -12 10
130 -11 10
130 -10 10
130 -9 10
130 -8 10
130 -7 10
130 -6 10
130 -5 10
130 -4 10
130 -3 10
130 -2 10
130 -1 10
130 0 10
130 0 10
130 1 10
130 2 10
130 3 10
130 4 10
130 5 10
130 6 10
130 7 10
130 8 10
130 9 10
130 10 10
130 11 10
130 12 10
130 13 10
130 13 10
130 13 10
130 13 10
130 14 10
130 14 10
130 14 10
130 14 10
130 14 10
130 14 10
131 15 10
131 15 10
131 15 10
131 15 10
132 15 10
133 15 10
134 15 10
135 15 10
136 15 10
137 15 10
138 15 10
139 15 10
140 15 10
141 15 10
142 15 10
143 15 10
144 15 10
145 15 10
146 15 10
147 15 10
148 15 10
149 15 10
150 15 10
151 15 10
152 15 10
153 15 10
154 15 10
155 15 10
156 15 10
157 15 10
158 15 10
159 15 10
160 15 10
161 15 10
162 15 10
163 15 10
164 15 10
165 15 10
166 15 10
167 15 10
168 15 10
169 15 10
170 15 10
171 15 10
172 15 10
173 15 10
174 15 10
175 15 10
176 15 10
177 15 10
178 15 10
179 15 10
180 15 10
181 15 10
182 15 10
183 15 10
184 15 10
185 15 10
186 15 10
187 15 10
188 15 10
189 15 10
190 15 10
191 15 10
192 15 10
193 15 10
194 15 10
195 15 10
196 15 10
196 15 10
197 15 10
198 15 10
199 15 10
200 15 10
201 15 10
202 15 10
203 15 10
204 15 10
205 15 10
206 15 10
207 15 10
208 15 10
209 15 10
210 15 10
211 15 10
212 15 10
213 15 10
214 15 10
214 15 10
215 15 10
215 15 10
215 15 10
215 15 10
216 15 10
216 15 10
216 15 10
216 15 10
217 15 10
217 15 10
217 14 10
217 14 10
217 13 10
217 12 10
217 11 10
217 10 10
217 9 10
217 8 10
217 7 10
217 6 10
217 5 10
217 4 10
217 3 10
217 2 10
217 1 10
217 0 10
217 0 10
217 -1 10
217 -2 10
217 -3 10
217 -4 10
217 -5 10
217 -6 10
217 -7 10
217 -8 10
217 -9 10
217 -10 10
217 -11 10
217 -12 10
217 -13 10
217 -14 10
217 -15 10
217 -16 10
217 -17 10
217 -18 10
217 -19 10
217 -20 10
217 -21 10
217 -22 10
217 -23 10
217 -24 10
217 -25 10
217 -26 10
217 -27 10
217 -28 10
217 -29 10
217 -30 10
217 -31 10
217 -32 10
217 -33 10
217 -33 10
217 -34 10
217 -35 10
217 -35 10
217 -36 10
217 -36 10
217 -36 10
217 -36 10
217 -37 10
217 -37 10
217 -37 10
217 -37 10
216 -38 10
216 -38 10
216 -38 10
216 -38 10
216 -38 10
216 -38 11
216 -38 12
216 -38 13
216 -38 14
216 -38 15
216 -38 16
216 -38 17
216 -38 18
216 -38 19
216 -38 20
216 -38 21
216 -38 22
216 -38 23
216 -38 24
215 -38 25
215 -38 26
215 -38 27
215 -38 28
215 -38 29
215 -38 29
215 -37 29
215 -36 29
215 -35 29
215 -34 29
215 -33 29
215 -32 29
215 -31 29
215 -30 29
215 -29 29
215 -28 29
215 -28 29
215 -27 29
215 -26 29
215 -25 29
215 -24 29
215 -23 29
215 -22 29
215 -21 29
215 -20 29
215 -19 29
215 -18 29
215 -17 29
215 -16 29
215 -15 29
214 -14 29
214 -13 29
214 -12 29
214 -11 29
214 -10 29
214 -9 29
214 -8 29
214 -7 29
214 -6 29
214 -5 29
214 -4 29
214 -3 29
214 -2 29
214 -1 29
214 0 29
214 0 29
214 1 29
214 2 29
214 3 29
214 4 29
214 5 29
214 6 29
214 7 29
214 8 29
214 9 29
214 10 29
214 11 29
214 11 29
214 11 29
214 11 28
214 11 27
214 11 26
214 11 25
214 11 24
214 11 23
214 11 22
214 11 21
214 11 20
214 11 19
214 11 18
214 11 17
214 11 16
214 11 15
214 11 14
214 11 13
214 12 12
214 12 11
214 12 10
214 12 10
213 12 10
212 12 10
211 12 10
210 12 10
209 12 10
208 12 10
207 12 10
206 12 10
205 12 10
204 12 10
203 12 10
202 12 10
201 12 10
200 12 10
199 12 10
198 12 10
197 12 10
196 12 10
195 12 10
194 12 10
193 12 10
192 12 10
191 12 10
190 12 10
189 12 10
188 12 10
187 12 10
186 12 10
185 12 10
184 12 10
183 12 10
182 12 10
181 12 10
180 12 10
179 12 10
178 12 10
177 12 10
176 12 10
175 12 10
174 12 10
173 12 10
172 12 10
171 12 10
170 12 10
169 12 10
168 12 10
167 12 10
166 12 10
165 12 10
164 12 10
163 12 10
162 12 10
161 12 10
160 12 10
159 12 10
158 12 10
157 12 10
156 12 10
155 12 10
154 12 10
153 12 10
152 12 10
151 12 10
150 12 10
149 12 10
148 12 10
147 12 10
146 12 10
145 12 10
144 12 10
143 12 10
142 12 10
141 12 10
140 12 10
139 12 10
138 12 10
137 12 10
136 12 10
135 12 10
134 12 10
134 12 10
134 11 10
134 10 10
134 9 10
134 8 10
134 7 10
134 6 10
134 5 10
134 4 10
134 3 10
134 2 10
134 1 10
134 0 10
134 0 10
134 -1 10
134 -2 10
134 -3 10
134 -4 10
134 -5 10
134 -6 10
134 -7 10
134 -8 10
134 -9 10
134 -10 10
134 -11 10
134 -12 10
134 -13 10
134 -14 10
134 -15 10
134 -16 10
134 -17 10
134 -18 10
134 -19 10
134 -20 10
134 -21 10
134 -22 10
134 -23 10
134 -24 10
134 -25 10
134 -26 10
134 -27 10
134 -28 10
134 -29 10
134 -30 10
134 -31 10
133 -32 10
133 -33 10
133 -34 10
133 -34 10
134 -34 10
135 -34 10
136 -34 10
137 -34 10
138 -34 10
139 -34 10
140 -34 10
141 -34 10
142 -34 10
143 -34 10
144 -34 10
145 -34 10
146 -34 10
147 -34 10
148 -34 10
149 -34 10
150 -34 10
151 -34 10
152 -34 10
153 -34 10
154 -34 10
155 -34 10
156 -34 10
157 -34 10
158 -34 10
159 -34 10
160 -34 10
161 -34 10
162 -34 10
163 -34 10
164 -34 10
165 -34 10
166 -34 10
167 -34 10
168 -34 10
169 -34 10
170 -34 10
171 -34 10
172 -34 10
173 -34 10
174 -34 10
175 -34 10
176 -34 10
177 -34 10
178 -34 10
179 -34 10
180 -34 10
181 -34 10
182 -34 10
183 -34 10
184 -34 10
185 -34 10
186 -34 10
187 -34 10
188 -34 10
189 -34 10
190 -34 10
191 -34 10
192 -34 10
193 -34 10
194 -34 10
195 -34 10
196 -34 10
197 -34 10
198 -34 10
199 -34 10
200 -34 10
201 -34 10
202 -35 10
203 -35 10
204 -35 10
205 -35 10
206 -35 10
207 -35 10
208 -35 10
209 -35 10
210 -35 10
211 -35 10
212 -35 10
213 -35 10
213 -35 10
213 -34 10
213 -33 10
213 -32 10
213 -31 10
213 -30 10
213 -29 10
213 -28 10
213 -27 10
213 -26 10
213 -25 10
213 -24 10
213 -23 10
213 -22 10
213 -21 10
213 -20 10
213 -19 10
213 -18 10
213 -17 10
213 -16 10
213 -15 10
213 -14 10
213 -13 10
213 -12 10
213 -11 10
213 -10 10
213 -9 10
213 -8 10
213 -7 10
213 -6 10
213 -5 10
213 -4 10
213 -3 10
213 -2 10
213 -1 10
213 0 10
213 0 10
213 1 10
213 2 10
213 3 10
213 4 10
213 5 10
213 6 10
213 7 10
213 8 10
213 9 10
213 10 10
214 11 10
214 11 10
214 11 10
214 11 11
214 11 12
214 11 13
214 11 14
214 11 15
214 11 16
214 11 17
214 11 18
214 11 19
214 11 20
214 11 21
214 11 22
214 11 23
214 11 24
214 11 25
214 11 26
214 12 27
214 12 28
214 12 29
214 12 29
213 11 29
212 11 30
211 11 30
210 11 30
209 11 31
208 10 31
208 10 32
207 10 32
206 10 33
205 10 33
204 10 34
203 9 34
203 9 35
202 9 35
201 9 36
200 9 36
199 8 37
198 8 37
197 8 38
197 8 38
196 8 39
195 7 39
194 7 40
193 7 40
192 7 41
192 7 41
191 7 42
190 6 42
189 6 43
188 6 43
187 6 44
187 6 44
186 5 45
185 5 45
184 5 45
183 5 46
182 5 46
181 4 47
181 4 47
180 4 48
179 4 48
178 4 49
177 3 49
176 3 50
176 3 50
175 3 51
174 3 51
173 3 52
172 2 52
171 2 53
170 2 53
170 2 54
169 2 54
168 1 55
167 1 55
166 1 56
165 1 56
165 1 57
164 0 57
163 0 58
162 0 58
161 0 59
160 0 59
160 0 60
